chr1	2043653	2172682	5	1
chr1	3354713	8231974	41	9
chr1	3388727	7903007	36	7
chr1	3628652	4087427	7	2
chr1	4263499	5423945	1	0
chr1	4859379	6189735	4	1
chr1	5334068	9389984	37	7
chr1	8018845	8044954	1	0
chr1	13782167	14134679	3	1
chr1	18674315	22839387	51	11
chr1	19316441	19826022	7	1
chr1	19419800	20389835	17	4
chr1	20700513	21062644	8	0
chr1	20809150	21598492	11	1
chr1	21668088	22187609	7	3
chr1	27133503	28011702	21	7
chr1	27927633	28215952	8	0
chr1	31239605	33825029	52	8
chr1	31594955	32867761	30	5
chr1	38574337	42793222	43	13
chr1	39826419	41366489	28	9
chr1	45303803	45307152	1	1
chr1	50688218	62084045	77	12
chr1	54203885	61905320	44	8
chr1	54673099	55222631	9	1
chr1	92956486	93972848	8	2
chr1	103381480	103431911	1	1
chr1	110299252	119192827	86	21
chr1	117221744	119832652	14	4
chr1	153732039	154192279	14	2
chr1	153912047	153950752	5	0
chr1	154548165	155262692	33	12
chr1	162009840	167449900	31	10
chr1	164005836	171221216	52	13
chr1	169593222	169713184	4	0
chr1	184857562	186591462	12	2
chr1	192537006	193149179	8	5
chr1	197091967	197113811	1	1
chr1	198577644	199615846	1	1
chr1	200113731	203081206	43	12
chr1	216570037	217723148	3	1
chr1	220846877	223871214	16	5
chr1	224283990	228047249	32	8
chr1	230829506	230915958	3	1
chr1	235551307	237433932	14	6
chr1	235963632	236865492	8	3
chr1	236247458	236310073	1	0
chr1	243840526	245086749	9	1
chr1	243949931	244033798	1	0
chr10	14886416	15192429	9	4
chr10	24400270	25639569	7	1
chr10	25773402	27252237	6	2
chr10	27111945	30537855	16	5
chr10	27335614	30517820	15	4
chr10	28056899	30335014	8	1
chr10	55714219	55857931	1	1
chr10	68956325	81181813	103	25
chr10	74480386	77372132	38	6
chr10	76022993	76227760	1	0
chr10	86685248	89761821	18	7
chr10	88547275	88652138	1	1
chr10	98360775	99141797	9	3
chr10	102437474	102524276	1	1
chr10	102880104	103591665	12	9
chr10	102937062	103478866	5	5
chr10	102969339	103508138	5	5
chr10	103013426	103154850	1	1
chr10	103057520	103377947	4	4
chr10	103176029	103449332	4	4
chr10	103251585	103427933	4	4
chr10	104003098	105689488	31	8
chr10	113833852	117296684	22	6
chr10	116344641	118775418	13	4
chr10	120089648	120445385	3	0
chr10	123267259	123629597	2	1
chr10	131561314	133177605	4	2
chr11	6282812	6659230	15	6
chr11	10011063	16847353	35	13
chr11	17926636	19696051	27	5
chr11	22102205	22411095	2	0
chr11	22137148	25397242	8	0
chr11	26390509	35274523	47	14
chr11	31118027	31747631	4	0
chr11	31210842	31722681	4	0
chr11	31320870	31811619	5	1
chr11	31521964	31561279	2	0
chr11	31549640	31829141	2	1
chr11	31622079	32144347	3	2
chr11	31787166	31813634	2	1
chr11	31803509	32510988	4	3
chr11	31810497	31822417	1	1
chr11	31825724	31839168	2	2
chr11	34183241	36820677	19	8
chr11	43985277	46064560	18	2
chr11	44158143	46142690	16	2
chr11	44219317	44682116	3	2
chr11	47232210	47448882	8	5
chr11	62016992	62713565	36	5
chr11	62201358	62863475	34	4
chr11	62220043	62630253	30	3
chr11	66784014	67023899	4	0
chr11	68527728	68540732	1	0
chr11	71634297	79373069	84	22
chr11	71639842	76775568	62	16
chr11	71680927	77943941	81	21
chr11	101323715	103914833	22	7
chr11	103199536	103441625	1	1
chr11	104893427	106230213	9	0
chr11	107349817	108093259	13	2
chr11	113315168	120519630	96	35
chr11	116307142	117916946	20	7
chr11	117204668	127579051	144	41
chr11	119950851	125699001	73	13
chr11	120296802	124641109	50	7
chr11	122053151	125827872	64	13
chr11	125761210	128942286	20	7
chr12	875762	917034	1	1
chr12	885724	907501	1	1
chr12	1873430	4340910	17	6
chr12	2601894	4939008	26	7
chr12	2796078	2842333	1	1
chr12	6837831	7858216	30	7
chr12	11924167	13700709	20	7
chr12	12514722	15433522	29	7
chr12	12514722	15433522	29	7
chr12	12541776	15693356	30	8
chr12	16172099	17732435	4	1
chr12	32884789	33034791	3	2
chr12	39680812	40182822	4	1
chr12	53493442	54118309	23	8
chr12	53617808	54616234	30	16
chr12	61300950	62988901	3	0
chr12	70423094	70993235	3	2
chr12	70445085	71509975	5	3
chr12	76077478	80589429	13	5
chr12	80786877	81415313	5	4
chr12	80923887	81112850	3	3
chr12	80932263	81191865	4	4
chr12	100472357	100667758	4	0
chr12	112741234	113114331	4	1
chr12	112745336	113160772	4	1
chr12	114828057	114832670	1	1
chr12	116457223	116492163	1	0
chr12	116531212	116605386	1	0
chr12	120941871	122944265	36	6
chr12	121763677	122990076	23	2
chr12	121908803	122944265	19	2
chr13	29647457	37130151	30	9
chr13	29895591	37569485	34	11
chr13	30228271	33432383	16	4
chr13	30887946	39841818	40	15
chr13	31738184	35002873	11	3
chr13	32926238	33397752	4	1
chr13	35806613	41950091	35	11
chr13	37784441	39608336	6	3
chr13	38199035	39032633	2	1
chr13	39132754	48076997	48	8
chr13	41373641	44580310	18	1
chr13	44079532	50557804	44	9
chr13	48881438	51501609	21	5
chr13	91935136	92046713	0	0
chr13	91935331	92046713	0	0
chr13	99686621	101869748	12	3
chr14	21377022	22044608	22	4
chr14	21692670	21923767	4	2
chr14	21876973	21985341	4	1
chr14	23880114	23882492	1	1
chr14	24453274	25843700	48	9
chr14	28267736	29204879	0	0
chr14	36165220	36499370	2	0
chr14	37002653	37810624	5	2
chr14	37590543	38336191	5	1
chr14	38115849	39194638	3	1
chr14	52011564	55787316	29	8
chr14	55208170	55386966	2	0
chr14	57507754	67674948	64	21
chr14	58120131	64560246	41	13
chr14	58612740	61740337	27	10
chr14	59147175	59860886	1	0
chr14	60383769	67217521	42	17
chr14	62719418	66220134	22	10
chr14	74343775	78508765	67	16
chr14	75955395	80076675	35	9
chr14	79769657	79928269	1	1
chr14	90721500	95741033	55	9
chr14	97386607	100645293	13	5
chr14	100395811	101504294	13	5
chr14	100397006	101488936	13	5
chr14	100729173	102967034	20	5
chr15	25118923	25166966	1	0
chr15	25580017	25596966	1	1
chr15	25582420	25626982	1	1
chr15	25582420	25798470	1	1
chr15	25659832	25750231	1	1
chr15	28123663	28246288	1	1
chr15	35287652	40027263	11	4
chr15	36824194	41079736	35	6
chr15	47753041	52786419	39	12
chr15	48728235	48793803	1	1
chr15	55571230	55914205	7	4
chr15	57748274	62199484	24	11
chr15	57860148	63311614	27	11
chr15	64741035	66267777	27	2
chr15	67486919	69378625	16	6
chr15	72662932	72670877	1	1
chr15	72963970	74343898	13	5
chr15	72963970	75535330	39	13
chr15	75600108	76019966	11	2
chr15	75628556	75951011	8	1
chr15	75724505	75919237	3	1
chr15	75889302	76342128	10	1
chr15	98907913	99878547	7	1
chr15	99192760	99507759	1	1
chr15	99192760	99507759	1	1
chr16	223658	225684	1	0
chr16	223658	225684	1	0
chr16	223658	225684	1	0
chr16	230541	231196	1	0
chr16	1866284	2070967	16	1
chr16	2075886	2138687	3	1
chr16	2376841	3537106	49	7
chr16	2544805	3296579	35	5
chr16	2767953	4091021	44	4
chr16	3543167	4043346	7	1
chr16	3610565	4316797	7	1
chr16	3657088	3927321	4	1
chr16	3715836	3777121	3	1
chr16	3716024	3809066	3	1
chr16	3716036	3788580	3	1
chr16	3716036	3817969	3	1
chr16	3730456	3791328	2	1
chr16	3775056	3930121	1	1
chr16	3776703	4694962	16	3
chr16	3776715	3809010	1	1
chr16	3776715	3809010	1	1
chr16	3800306	3819723	1	1
chr16	3870523	4718348	16	3
chr16	3900967	3934582	1	1
chr16	3911795	3954193	1	1
chr16	6295159	6377303	1	0
chr16	6355478	6423271	1	0
chr16	8771060	9656566	6	1
chr16	15551301	15867954	5	3
chr16	28338667	29353391	24	1
chr16	28404153	29182196	23	1
chr16	28404153	29331350	23	1
chr16	28404153	29353391	23	1
chr16	28543104	29037107	16	1
chr16	28689085	29051191	12	0
chr16	28721799	29037107	11	0
chr16	28721799	29037107	11	0
chr16	28733739	29044776	11	0
chr16	28733739	29044776	11	0
chr16	28820743	29044776	9	0
chr16	28824794	29043901	9	0
chr16	28824794	29043960	9	0
chr16	28824794	29043960	9	0
chr16	28824794	29044776	9	0
chr16	28824794	29044776	9	0
chr16	28824794	29044776	9	0
chr16	28824794	29044776	9	0
chr16	28824794	29044776	9	0
chr16	28824794	29044776	9	0
chr16	28837450	29042118	9	0
chr16	28837450	29042118	9	0
chr16	28843754	29031071	9	0
chr16	28843754	29031071	9	0
chr16	28854629	29037107	8	0
chr16	28861531	29031059	7	0
chr16	28861531	29031059	7	0
chr16	28861531	29031059	7	0
chr16	28861531	29043960	7	0
chr16	47284555	54155388	27	7
chr16	48190504	52254286	18	5
chr16	49604464	53500977	15	3
chr16	49774718	51910531	11	3
chr16	50818240	55600627	16	6
chr16	64345179	68095914	73	10
chr16	66279791	67506926	46	5
chr16	66728083	67899348	50	6
chr16	75197804	78098537	24	4
chr16	78824347	83289026	18	5
chr16	79489044	81142933	8	1
chr16	88709698	88716102	1	0
chr16	89220725	89261894	2	1
chr17	295122	726714	7	2
chr17	1017065	1544906	10	5
chr17	1078112	1537789	10	5
chr17	1130776	1409842	7	3
chr17	1184475	1444918	6	3
chr17	1229079	1348455	2	1
chr17	1229103	1541349	7	4
chr17	1229103	1541349	7	4
chr17	1256332	1282325	1	1
chr17	1271895	1492475	6	3
chr17	2318075	2625846	4	1
chr17	2339361	2722122	4	1
chr17	2339561	2588596	2	1
chr17	2484513	2670859	2	1
chr17	2496180	2512300	1	1
chr17	6211224	8746266	110	31
chr17	6862297	8239002	87	26
chr17	7113664	7400253	32	9
chr17	7381514	8338842	53	17
chr17	7654122	10016286	49	15
chr17	10237826	10803633	10	1
chr17	17571035	18205309	13	6
chr17	17630064	17700497	1	1
chr17	17691726	18236686	15	6
chr17	17980441	18424702	11	4
chr17	27274843	30817038	46	11
chr17	28940866	30202298	14	4
chr17	28957752	30415399	16	4
chr17	28994990	30350877	16	4
chr17	28999834	30326958	15	4
chr17	29005171	30400885	16	4
chr17	29011937	30348421	16	4
chr17	29033863	30326952	15	4
chr17	29033863	30326952	15	4
chr17	29033881	30321643	15	4
chr17	29033882	30326958	15	4
chr17	29033882	30326958	15	4
chr17	29033882	30326958	15	4
chr17	29033882	30326958	15	4
chr17	29033882	30326958	15	4
chr17	29033882	30426780	16	4
chr17	29094212	30264505	15	4
chr17	29162822	30218667	13	4
chr17	29533283	29588731	1	1
chr17	29550192	29573353	1	1
chr17	34967870	36061297	9	3
chr17	35076189	36248926	9	3
chr17	35958761	36224189	3	1
chr17	37356126	43706945	219	62
chr17	41648246	42839745	36	8
chr17	42011535	42931393	30	6
chr17	43005866	43377096	10	3
chr17	43706886	44129244	5	2
chr17	46064252	47406759	28	13
chr17	46598247	47588570	26	13
chr17	47215226	50225170	46	18
chr17	47438517	48346801	18	7
chr17	54760866	56162300	14	5
chr17	55036106	56248486	13	5
chr17	58120809	60226090	15	3
chr17	58172700	60315303	14	3
chr17	58332553	60315303	13	2
chr17	58934659	60395826	9	2
chr17	59209629	64222315	53	11
chr17	62630889	65683004	16	4
chr17	66416655	69347376	13	3
chr17	73632431	73966825	16	3
chr17	73937119	73956296	2	1
chr17	73937588	73974614	1	0
chr18	148763	293736	2	0
chr18	2547397	6694866	16	3
chr18	10077654	14081887	25	4
chr18	12159445	12739784	8	1
chr18	13298774	14082028	6	1
chr18	18540281	26181841	30	11
chr18	18544687	22517638	22	7
chr18	18544687	22623421	22	7
chr18	26945022	28816268	3	1
chr18	39915139	44306423	14	1
chr18	41413445	43724104	8	1
chr18	43121664	44277320	11	1
chr18	49401798	53326230	9	2
chr18	51818220	53421512	7	1
chr18	51943823	55015023	7	1
chr18	51994667	53616240	4	1
chr18	52524987	58257864	23	6
chr18	52759345	52961970	1	1
chr18	52971100	53203910	1	1
chr18	53007161	53167757	1	1
chr18	53242819	54874694	4	1
chr18	58759788	61288989	15	3
chr18	61513707	64226011	7	0
chr18	66697488	67350193	2	0
chr18	74975665	78010032	15	3
chr18	76629005	78010032	14	3
chr18	76652487	77967869	14	3
chr18	77682576	78010032	8	1
chr18	77682576	78010032	8	1
chr19	839492	995557	8	2
chr19	2926236	4051633	33	13
chr19	3338022	4833151	49	14
chr19	3437994	4039215	22	9
chr19	3554633	4690977	42	12
chr19	4008558	4763171	26	5
chr19	4934897	6501653	37	7
chr19	9678768	14853426	172	26
chr19	9846119	11338677	49	8
chr19	10267082	11000364	29	5
chr19	10425934	14159806	127	20
chr19	11338618	14642947	113	18
chr19	11628640	13336101	71	10
chr19	11635978	14265833	91	14
chr19	12242867	14862610	85	12
chr19	12691241	14853485	69	12
chr19	12961409	13401768	18	7
chr19	13085208	13519400	8	4
chr19	13145480	13394500	7	3
chr19	13366073	13373548	1	1
chr19	13470613	13616746	1	1
chr19	13644739	15481900	49	8
chr19	18033043	18573963	20	3
chr19	18534867	18796031	11	4
chr19	45474677	48760659	99	27
chr19	46099131	47103283	34	5
chr19	46961379	48186836	31	9
chr19	47162048	49553707	81	17
chr2	11955366	11964758	1	1
chr2	16904863	21823606	22	9
chr2	26555839	26662525	3	0
chr2	31591498	32312698	4	2
chr2	42226554	43142884	7	1
chr2	44531130	44552898	2	0
chr2	47033357	50792676	21	8
chr2	47605111	47627963	1	1
chr2	47630263	47643568	1	1
chr2	47630331	47635694	1	1
chr2	48861903	48988580	3	1
chr2	50680795	50892906	1	1
chr2	50680795	50937503	1	1
chr2	50712339	50758351	1	1
chr2	50725729	50937503	1	1
chr2	50802121	50937503	1	1
chr2	50811167	50870064	1	1
chr2	50814676	50957455	1	1
chr2	50826550	50925896	1	1
chr2	51142849	51226229	1	1
chr2	51172123	51251498	1	1
chr2	61198769	61319645	3	1
chr2	61742573	62532983	5	2
chr2	63539134	67536423	14	3
chr2	73088191	73219259	3	1
chr2	96739308	97728447	18	5
chr2	96739308	98129607	20	5
chr2	96766560	98013866	20	5
chr2	99403520	101401515	19	1
chr2	122582374	129628378	19	3
chr2	123081919	129129278	19	3
chr2	123927565	129217649	19	3
chr2	128198135	130185378	11	1
chr2	140944090	147285812	5	1
chr2	142424106	148603231	6	2
chr2	144051648	148471399	3	1
chr2	144631279	145270874	2	1
chr2	144746353	145315596	2	1
chr2	144922143	145263446	2	1
chr2	144970681	145425713	2	1
chr2	145145586	145277916	1	1
chr2	145192266	146949061	1	1
chr2	145219415	145422833	1	1
chr2	145257682	145485605	1	1
chr2	146228621	150439084	8	1
chr2	148540685	149804989	5	1
chr2	148743880	148955720	2	0
chr2	149036328	149248198	1	0
chr2	149198443	149948302	4	0
chr2	159238900	167462268	35	8
chr2	164311800	167818832	13	4
chr2	164570769	165325476	1	0
chr2	164922548	172962614	48	12
chr2	165706627	176423918	64	20
chr2	165777072	168392949	10	4
chr2	166066161	170424402	21	8
chr2	166744822	167042321	2	1
chr2	166842607	167300045	3	1
chr2	166900946	166936297	1	0
chr2	170957940	172100119	7	1
chr2	171300729	172914965	15	2
chr2	172369557	178718807	43	20
chr2	173231480	177225915	29	18
chr2	173644604	178462728	31	17
chr2	174272789	178567215	30	16
chr2	174564007	176450798	12	5
chr2	174825186	176789322	13	6
chr2	176940017	177020985	9	9
chr2	189812229	190554339	6	3
chr2	189853361	189861125	1	1
chr2	190693680	190718652	1	0
chr2	195379883	199410661	20	4
chr2	196525318	204834211	64	17
chr2	196925089	205206940	63	17
chr2	197990184	200606471	13	4
chr2	198889594	200354118	2	1
chr2	199360964	200290254	2	1
chr2	199632071	203218563	32	8
chr2	200143328	200237265	1	1
chr2	200174658	200268525	1	1
chr2	200223435	200317781	1	1
chr2	200801996	210896648	73	24
chr2	200811217	210849919	71	24
chr2	201211431	202021140	12	1
chr2	201385684	204430934	34	10
chr2	202402014	202761492	5	2
chr2	203309853	203496210	1	1
chr2	203496151	205794583	12	4
chr2	205771566	210896173	31	12
chr2	207256624	207943718	6	2
chr2	207923610	212110328	22	12
chr2	209043989	210196206	4	2
chr2	213479146	227985946	94	38
chr2	219946342	226295024	42	14
chr2	220411926	229152658	34	16
chr2	221702552	222492336	1	1
chr2	222252139	225534067	15	6
chr2	222528222	225290900	13	4
chr2	224462146	224926273	5	2
chr2	234967401	240365384	37	12
chr2	236665742	240365384	34	11
chr2	238722640	241349904	28	5
chr2	239966964	240600276	4	1
chr20	3039877	4168363	24	4
chr20	9531622	12064082	8	3
chr20	17753416	21407427	23	4
chr20	23436433	24861469	10	0
chr20	29842786	31163090	28	9
chr20	33873527	34332759	14	2
chr20	48347613	49819103	16	6
chr20	48563774	54450462	25	9
chr20	49398527	51409386	9	1
chr20	53211427	56765639	22	5
chr20	61030287	62470844	38	9
chr20	61142577	62872839	54	10
chr20	61159001	61963075	17	3
chr20	61159001	62908674	55	10
chr20	61727038	62156333	9	2
chr20	61785315	62908674	43	7
chr20	61830372	62908674	43	7
chr20	62072831	62908674	37	7
chr20	62080183	62305146	11	4
chr20	62654677	62893130	10	2
chr20	62838038	62893189	2	1
chr21	15499847	18565607	7	3
chr21	16343938	18642550	2	1
chr21	25303376	25851449	0	0
chr21	25665145	28418904	8	3
chr21	32711701	33683830	7	4
chr21	34837715	35178720	10	2
chr21	34997018	36118212	14	5
chr21	35292816	36834601	11	6
chr21	37768997	40323148	17	6
chr21	38084803	38781131	7	4
chr21	38781072	40017718	7	2
chr21	45665972	45757659	4	2
chr22	18890271	18999862	2	1
chr22	18905109	19015451	1	0
chr22	18916842	19004772	1	0
chr22	20958984	21379958	9	2
chr22	21300290	21331188	2	1
chr22	26617239	29873532	25	7
chr22	28368472	29156338	3	1
chr22	28674793	32138314	61	13
chr22	28837023	30672500	27	7
chr22	29252132	29902266	12	2
chr22	29998464	30035142	1	1
chr22	33346710	33809338	2	0
chr22	33776857	34150188	1	0
chr22	34150132	34182300	1	0
chr22	34153740	34258847	1	0
chr22	34153740	34258847	1	0
chr22	35729986	39296182	72	17
chr22	36464172	38398389	43	9
chr22	36948423	38065922	23	4
chr22	38117784	39282669	31	7
chr22	38390099	38462791	2	1
chr22	42593929	47701314	52	12
chr3	4420412	4623515	2	1
chr3	8361812	9437652	7	2
chr3	8623464	12056738	41	11
chr3	9435033	9997855	18	3
chr3	9436558	11732086	34	9
chr3	9695981	10270371	22	5
chr3	9917593	10614361	17	5
chr3	9937745	10262646	10	3
chr3	10061464	12292857	17	7
chr3	45921375	50787353	122	33
chr3	46768104	47009805	8	2
chr3	49498433	55348528	105	21
chr3	50856276	51245158	1	0
chr3	67441430	73463152	20	5
chr3	67834576	72671918	14	5
chr3	69964029	70538306	1	1
chr3	70345318	74914229	11	4
chr3	70467232	71487572	1	1
chr3	70992771	71911040	4	2
chr3	71366497	74373822	11	4
chr3	106170339	108984343	12	2
chr3	112183941	115492958	24	3
chr3	112198329	115492949	24	3
chr3	118836013	125639577	64	17
chr3	121363056	125395197	36	12
chr3	121643994	126501092	45	11
chr3	132409485	140783286	49	13
chr3	132691411	136613340	21	6
chr3	134052395	141420300	41	10
chr3	138347957	139773898	13	3
chr3	138664024	138665683	1	1
chr3	138664024	138665683	1	1
chr3	138665250	138667190	2	1
chr3	139788493	141226736	7	0
chr3	144038673	146270333	5	0
chr3	150860141	154649206	18	4
chr3	167336627	167406415	2	1
chr3	184561415	187178796	27	9
chr3	185224059	185695671	5	2
chr3	187164019	190556841	13	2
chr3	188080347	189484877	3	1
chr4	14062753	20123457	20	7
chr4	14661388	18276547	20	7
chr4	16926645	32114698	30	7
chr4	21057932	26733784	17	4
chr4	23863623	27687168	16	4
chr4	44299343	45200700	4	0
chr4	44579695	49083290	23	5
chr4	52736191	55968559	16	5
chr4	52766026	60850197	37	10
chr4	53505185	60850197	33	9
chr4	81982637	84253748	14	2
chr4	82654487	84369995	14	2
chr4	82723161	84358267	14	2
chr4	83169845	87699493	22	4
chr4	85250704	88600356	16	4
chr4	85498672	86998700	4	1
chr4	93531564	102443148	32	8
chr4	95876118	99888394	7	3
chr4	106699504	111128029	25	6
chr4	119281458	121845311	11	0
chr4	124976359	127252263	2	0
chr4	141527109	145238191	12	3
chr4	144509997	149435179	22	4
chr4	144659362	146791626	11	2
chr4	149277637	149669181	1	0
chr4	151892289	152003402	1	0
chr4	154577937	155849925	10	3
chr4	155493915	155511898	1	0
chr4	157174079	161372576	13	4
chr4	173022514	174742050	6	4
chr4	174655220	174742050	0	0
chr4	186958290	187192748	6	1
chr5	2886277	7108408	8	3
chr5	3503104	4580604	1	1
chr5	36834932	36906436	1	1
chr5	37016145	39383383	13	4
chr5	59794904	63223610	14	3
chr5	60180775	60428760	3	0
chr5	73980969	73994557	1	1
chr5	76313934	77485892	7	2
chr5	85639539	88075652	6	2
chr5	85954428	86904060	3	1
chr5	86039540	91633081	11	4
chr5	86420655	92718726	11	4
chr5	86487715	89253266	5	2
chr5	87493549	92528869	8	3
chr5	87664106	91698938	7	3
chr5	88016214	88783092	1	1
chr5	88039877	88045439	1	1
chr5	88062493	88104672	1	1
chr5	88062497	89028098	1	1
chr5	88150666	88564477	1	1
chr5	88232587	93437723	9	3
chr5	88348147	88783092	0	0
chr5	89523963	90412409	5	1
chr5	92414689	94864863	8	1
chr5	92933949	93573527	3	0
chr5	112170648	112221936	5	1
chr5	119317901	120102513	1	0
chr5	125794639	127873679	12	3
chr5	127770494	127822042	1	1
chr5	127777365	127900742	2	1
chr5	129533944	130093508	0	0
chr5	130962196	135150743	53	19
chr5	132151895	134718848	30	10
chr5	132737257	137772727	47	16
chr5	132866925	134183368	16	3
chr5	134632984	139485588	48	19
chr5	135229731	136954721	7	6
chr5	137172371	140075946	53	16
chr5	138487100	138873213	11	3
chr5	141136674	141520815	6	2
chr5	144576918	147921074	25	4
chr5	149745052	149761303	1	1
chr5	149747884	149776406	1	1
chr5	152574874	163441011	52	12
chr5	158368362	163813766	23	6
chr5	161136257	161588612	2	1
chr5	161336961	163513923	6	2
chr5	171551383	176477181	43	11
chr5	172203801	173769972	11	2
chr5	172388094	174481668	11	3
chr5	172664775	176041619	23	7
chr5	173376776	174327398	4	1
chr5	174131575	174265902	1	1
chr5	174151144	174169790	1	1
chr5	174434244	178516813	61	18
chr5	175278050	177792050	50	13
chr5	175470479	177422760	41	11
chr5	175542260	177073634	37	10
chr5	175559343	177013961	34	10
chr5	175559343	177013961	34	10
chr5	175559343	177013961	34	10
chr5	175559343	177422760	39	11
chr5	175579076	177073634	36	10
chr5	175579076	177413214	38	10
chr5	175579076	177413214	38	10
chr5	175728978	177013961	34	10
chr5	175944340	177136290	30	10
chr5	176655605	176673557	1	1
chr5	176666707	176718909	1	1
chr6	1441421	2351608	2	1
chr6	1490871	2700240	4	1
chr6	1580681	1951526	2	1
chr6	1605768	1739933	2	1
chr6	10601732	13987547	28	5
chr6	13311751	16295791	14	4
chr6	13684514	16645299	9	4
chr6	22519683	25226559	14	7
chr6	41605799	46480686	77	21
chr6	42101363	44073931	45	11
chr6	42336296	44558281	54	13
chr6	45508319	45526327	1	1
chr6	49313295	49430422	1	1
chr6	51061467	53724432	20	5
chr6	51668220	52563298	8	3
chr6	69445541	71504096	7	2
chr6	72555205	72807895	1	0
chr6	86080434	91379512	35	6
chr6	98301652	103028472	12	3
chr6	99116405	101714826	11	3
chr6	124437486	124820793	1	0
chr6	129805906	129810893	1	1
chr6	131615425	132228577	6	2
chr6	135571078	136760858	5	2
chr6	135843141	136031581	0	0
chr6	136479494	139369178	22	5
chr6	137066955	137180691	2	1
chr6	148126255	151214851	22	3
chr6	148433471	149971120	8	2
chr6	156190384	157120089	1	1
chr6	156674766	157870814	3	1
chr6	157286551	157414586	1	1
chr6	158248837	160147580	16	3
chr6	161802883	162160197	1	1
chr6	161829077	162215745	1	1
chr6	161850976	161996586	1	1
chr6	161862158	162097499	1	1
chr6	161961940	162207434	1	1
chr6	162105049	162246781	1	1
chr6	162151005	162254371	1	1
chr6	162159732	162255206	1	1
chr6	162165178	162269436	1	1
chr6	162171721	162401308	1	1
chr6	162178696	162356440	1	1
chr6	162203927	162333168	1	1
chr6	162206468	162413470	1	1
chr6	162214983	162491971	1	1
chr6	162222617	162506784	1	1
chr6	162288896	162439171	1	1
chr6	162297935	162420804	1	1
chr6	162303317	162418296	1	1
chr6	162322184	162441667	1	1
chr6	162355913	162480718	1	1
chr6	162362330	162459779	1	1
chr6	162368612	162439825	1	1
chr6	162437920	162509532	1	1
chr6	162445401	162541215	1	1
chr6	162457343	162508425	1	1
chr7	4572250	5418004	10	2
chr7	18545013	21457351	9	5
chr7	18971153	19261019	3	3
chr7	19185335	22233331	10	4
chr7	20250535	27889019	52	22
chr7	27194426	27461954	7	6
chr7	42094792	42257743	1	1
chr7	42428323	43646350	6	0
chr7	45058360	45135427	2	1
chr7	68465819	69709432	1	0
chr7	69053750	69230025	1	0
chr7	69130237	69736834	1	0
chr7	69293697	69503431	1	0
chr7	69297250	69330796	1	0
chr7	69330737	69520566	1	0
chr7	69383651	70189959	1	0
chr7	69671501	69958576	1	0
chr7	69939570	70245396	1	0
chr7	69969631	70204548	1	0
chr7	72766313	73547734	17	5
chr7	73029001	73357258	10	1
chr7	73170161	73545656	6	2
chr7	73449784	73547734	2	2
chr7	94032105	95124903	9	4
chr7	94035075	94047591	1	1
chr7	94756382	97502799	16	4
chr7	95533860	96779486	7	2
chr7	98817043	100499889	67	12
chr7	102448646	105341555	18	4
chr7	105902385	110868092	23	6
chr7	113209832	114733403	3	1
chr7	114538937	117430177	14	7
chr7	114682296	116327768	5	3
chr7	117138363	117159446	1	1
chr7	120435581	120482611	1	1
chr7	126499786	132435696	47	10
chr7	128387532	133703003	33	7
chr7	137426486	139373631	18	3
chr7	146440190	146663300	1	1
chr8	11540723	11751798	6	1
chr8	11596744	11660943	5	1
chr8	19813474	19815538	1	0
chr8	21340456	22710752	26	8
chr8	21512131	22859448	27	8
chr8	35358115	36227536	2	1
chr8	37903880	39029772	17	7
chr8	41548242	41724964	1	1
chr8	60942299	61862796	3	1
chr8	61431756	61605551	2	1
chr8	61431781	67571260	21	6
chr8	61728952	66029297	9	5
chr8	69400250	72388412	13	3
chr8	69900070	72575701	12	3
chr8	69900116	72552263	12	3
chr8	72099108	72340784	2	1
chr8	72190850	72875060	4	2
chr8	74431535	83567817	34	10
chr8	75817543	82252186	15	7
chr8	97078121	98289209	7	3
chr8	101035482	102202498	10	0
chr8	114430289	121987545	24	6
chr8	116413559	116514256	1	1
chr8	119071431	122586677	15	3
chr8	119928196	120031083	2	1
chr8	123466631	129525322	29	6
chr8	123763846	124373809	8	2
chr8	125137486	126349459	10	2
chr8	128130585	128870821	2	1
chr8	142764538	145195510	54	11
chr8	143282786	143631768	2	1
chr8	143282829	145076898	45	10
chr9	14210804	15317498	5	4
chr9	17502885	18681089	3	1
chr9	20380585	20478576	1	1
chr9	32662136	38741438	97	26
chr9	33225728	38529810	90	25
chr9	33572679	36782012	66	20
chr9	34340253	35163255	29	9
chr9	34644527	34653247	3	1
chr9	35623497	38815471	45	13
chr9	71041712	72221020	10	3
chr9	71069763	78867779	32	12
chr9	74637983	75112328	3	2
chr9	74839264	79947043	17	9
chr9	88694766	94589503	24	10
chr9	90033495	93168294	13	7
chr9	94358815	99781028	43	9
chr9	94373847	94633213	1	1
chr9	95324002	100884862	49	12
chr9	97476174	100883468	29	8
chr9	97808511	98873445	5	2
chr9	98078300	98431120	2	2
chr9	98227972	98230831	1	1
chr9	98857250	99382944	5	1
chr9	127818144	131400225	54	12
chr9	128755862	132444654	70	14
chr9	128755862	132444654	70	14
chr9	128843874	130543964	18	3
chr9	130636860	133297198	60	10
chr9	130681755	132842253	53	9
chr9	130998626	131674346	22	6
chr9	131798679	133454070	21	3
chr9	132712094	135217877	25	8
chr9	134136903	134616562	6	2
chr9	134282070	136717901	38	11
chr9	139217996	139460402	11	2
chr9	139299672	139503090	6	1
chr9	140637909	140730467	1	1
chr9	140672499	140712604	1	1
