ENSG00000119147	12	1	0
ENSG00000123444	12	1	0
ENSG00000176209	13	0	0
ENSG00000129187	13	0	0
ENSG00000196644	12	0	1
ENSG00000159377	13	0	0
ENSG00000171130	11	0	2
ENSG00000231122	13	0	0
ENSG00000197910	13	0	0
ENSG00000196666	9	0	4
ENSG00000165102	12	1	0
ENSG00000185627	12	1	0
ENSG00000126453	13	0	0
ENSG00000154645	13	0	0
ENSG00000119878	12	0	1
ENSG00000121851	13	0	0
ENSG00000206181	4	3	6
ENSG00000126467	13	0	0
ENSG00000161981	11	2	0
ENSG00000186141	13	0	0
ENSG00000160679	11	2	0
ENSG00000172967	1	0	12
ENSG00000197191	10	0	3
ENSG00000109083	13	0	0
ENSG00000185885	3	10	0
ENSG00000185201	1	12	0
ENSG00000142089	1	12	0
ENSG00000172809	9	4	0
ENSG00000253626	10	2	1
ENSG00000106948	12	1	0
ENSG00000250210	2	0	11
ENSG00000008735	12	0	1
ENSG00000004139	12	1	0
ENSG00000130489	12	0	1
ENSG00000175595	12	1	0
ENSG00000171928	11	2	0
ENSG00000184203	12	1	0
ENSG00000204070	8	2	3
ENSG00000254806	4	0	9
ENSG00000185900	12	0	1
ENSG00000198569	11	0	2
ENSG00000188610	12	1	0
ENSG00000124232	12	0	1
ENSG00000205593	11	0	2
ENSG00000152022	13	0	0
ENSG00000136699	12	0	1
ENSG00000162946	11	1	1
ENSG00000133619	12	1	0
ENSG00000148153	13	0	0
ENSG00000064763	12	0	1
ENSG00000167774	13	0	0
ENSG00000257008	11	1	1
ENSG00000165983	12	1	0
ENSG00000107984	11	1	1
ENSG00000109084	12	0	1
ENSG00000152076	12	1	0
ENSG00000117281	9	0	4
ENSG00000166260	11	2	0
ENSG00000164941	13	0	0
ENSG00000139946	13	0	0
ENSG00000130940	13	0	0
ENSG00000147874	11	2	0
ENSG00000143553	13	0	0
ENSG00000175155	10	0	3
ENSG00000139428	13	0	0
ENSG00000168509	12	0	1
ENSG00000164743	12	0	1
ENSG00000185863	9	0	4
ENSG00000168781	13	0	0
ENSG00000025708	8	0	5
ENSG00000197768	11	0	2
ENSG00000005955	13	0	0
ENSG00000182628	12	1	0
ENSG00000133313	12	1	0
ENSG00000150656	13	0	0
ENSG00000103152	13	0	0
ENSG00000100239	13	0	0
ENSG00000217442	12	0	1
ENSG00000130396	13	0	0
ENSG00000141540	13	0	0
ENSG00000004142	10	0	3
ENSG00000109107	13	0	0
ENSG00000130731	11	0	2
ENSG00000136888	10	3	0
ENSG00000182352	2	0	11
ENSG00000157693	13	0	0
ENSG00000167098	13	0	0
ENSG00000110921	13	0	0
ENSG00000067369	12	1	0
ENSG00000228278	9	3	1
ENSG00000229314	9	3	1
ENSG00000179314	13	0	0
ENSG00000176101	11	0	2
ENSG00000181039	11	0	2
ENSG00000007384	11	2	0
ENSG00000188986	12	0	1
ENSG00000171840	12	0	1
ENSG00000132406	13	0	0
ENSG00000175548	11	2	0
ENSG00000120262	13	0	0
ENSG00000136710	10	3	0
ENSG00000238244	9	4	0
ENSG00000106460	12	1	0
ENSG00000155906	13	0	0
ENSG00000184886	11	0	2
ENSG00000118495	13	0	0
ENSG00000162004	10	0	3
ENSG00000132591	13	0	0
ENSG00000186364	12	0	1
ENSG00000269964	8	0	5
ENSG00000115762	11	2	0
ENSG00000110536	11	0	2
ENSG00000143624	13	0	0
ENSG00000143416	10	2	1
ENSG00000131779	13	0	0
ENSG00000025770	11	2	0
ENSG00000244045	13	0	0
ENSG00000109103	11	2	0
ENSG00000177963	13	0	0
ENSG00000270106	0	6	7
ENSG00000107618	13	0	0
ENSG00000198860	13	0	0
ENSG00000152082	12	1	0
ENSG00000173272	12	1	0
ENSG00000168575	13	0	0
ENSG00000171984	12	0	1
ENSG00000121297	13	0	0
ENSG00000166211	11	2	0
ENSG00000129965	2	0	11
ENSG00000184040	13	0	0
ENSG00000204147	12	1	0
ENSG00000103148	13	0	0
ENSG00000176248	9	2	2
ENSG00000100253	13	0	0
ENSG00000198585	10	3	0
ENSG00000142197	12	0	1
ENSG00000177239	8	4	1
ENSG00000064932	12	0	1
ENSG00000151665	12	1	0
ENSG00000120800	13	0	0
ENSG00000120925	13	0	0
ENSG00000087111	12	1	0
ENSG00000103245	12	0	1
ENSG00000124251	12	1	0
ENSG00000213619	13	0	0
ENSG00000088726	13	0	0
ENSG00000099624	12	0	1
ENSG00000268626	3	0	10
ENSG00000100316	10	2	1
ENSG00000102683	13	0	0
ENSG00000178445	12	1	0
ENSG00000197445	2	0	11
ENSG00000112562	12	1	0
ENSG00000175137	13	0	0
ENSG00000265303	6	0	7
ENSG00000167447	7	0	6
ENSG00000076382	13	0	0
ENSG00000258472	0	0	13
ENSG00000205857	6	0	7
ENSG00000164830	12	1	0
ENSG00000205718	5	6	2
ENSG00000182315	5	6	2
ENSG00000230522	5	6	2
ENSG00000237247	5	6	2
ENSG00000188199	7	6	0
ENSG00000163386	3	8	2
ENSG00000186275	3	8	2
ENSG00000186086	3	8	2
ENSG00000168614	3	8	2
ENSG00000203832	3	8	2
ENSG00000161055	8	0	5
ENSG00000158604	13	0	0
ENSG00000154359	13	0	0
ENSG00000260861	0	13	0
ENSG00000101307	0	13	0
ENSG00000125772	13	0	0
ENSG00000068489	12	1	0
ENSG00000126464	11	0	2
ENSG00000107281	11	0	2
ENSG00000100401	12	1	0
ENSG00000165185	13	0	0
ENSG00000177989	11	1	1
ENSG00000177947	13	0	0
ENSG00000177989	11	1	1
ENSG00000177947	13	0	0
ENSG00000178789	11	0	2
ENSG00000186407	9	1	3
ENSG00000186074	3	10	0
ENSG00000204345	3	10	0
ENSG00000184402	12	1	0
ENSG00000018699	11	2	0
ENSG00000108018	13	0	0
ENSG00000100321	12	0	1
ENSG00000105556	13	0	0
ENSG00000159231	12	0	1
ENSG00000215568	8	0	5
ENSG00000132581	12	1	0
ENSG00000153982	13	0	0
ENSG00000100311	13	0	0
ENSG00000067066	8	5	0
ENSG00000185404	4	6	3
ENSG00000189058	12	1	0
ENSG00000109111	13	0	0
ENSG00000172661	12	1	0
ENSG00000114354	9	3	1
ENSG00000178096	12	0	1
ENSG00000007376	12	0	1
ENSG00000156170	13	0	0
ENSG00000167470	10	0	3
ENSG00000187713	8	0	5
ENSG00000233198	10	0	3
ENSG00000170412	13	0	0
ENSG00000186281	13	0	0
ENSG00000160606	12	1	0
ENSG00000169679	12	1	0
ENSG00000165388	7	0	6
ENSG00000147408	13	0	0
ENSG00000261739	7	6	0
ENSG00000174450	7	6	0
ENSG00000206127	7	6	0
ENSG00000232653	7	6	0
ENSG00000249931	7	6	0
ENSG00000183629	7	6	0
ENSG00000188626	7	6	0
ENSG00000100298	11	0	2
ENSG00000128394	1	3	9
ENSG00000244509	1	3	9
ENSG00000243811	1	3	9
ENSG00000026652	13	0	0
ENSG00000155189	12	1	0
ENSG00000121848	12	1	0
ENSG00000130726	11	1	1
ENSG00000254413	13	0	0
ENSG00000100288	13	0	0
ENSG00000156162	13	0	0
ENSG00000176978	12	0	1
ENSG00000103253	12	0	1
ENSG00000100307	13	0	0
ENSG00000110906	12	0	1
ENSG00000109079	13	0	0
ENSG00000076351	12	1	0
ENSG00000198597	13	0	0
ENSG00000087502	11	0	2
ENSG00000124145	13	0	0
ENSG00000073614	13	0	0
ENSG00000115652	13	0	0
ENSG00000171163	13	0	0
ENSG00000256087	2	3	8
ENSG00000095397	13	0	0
ENSG00000131931	13	0	0
ENSG00000148481	13	0	0
ENSG00000140265	13	0	0
ENSG00000143442	13	0	0
ENSG00000183087	12	0	1
ENSG00000107077	13	0	0
ENSG00000198483	13	0	0
ENSG00000164219	12	1	0
ENSG00000184731	9	0	4
ENSG00000101181	12	0	1
ENSG00000172748	7	2	4
ENSG00000215421	12	1	0
ENSG00000015676	11	2	0
ENSG00000167525	12	1	0
ENSG00000174915	10	1	2
ENSG00000129757	5	0	8
ENSG00000131446	11	0	2
ENSG00000126461	12	1	0
ENSG00000103227	13	0	0
ENSG00000100258	12	0	1
ENSG00000140836	12	1	0
ENSG00000157870	12	0	1
ENSG00000109072	12	1	0
ENSG00000273171	0	1	12
ENSG00000168806	10	0	3
ENSG00000173065	13	0	0
ENSG00000204347	12	0	1
ENSG00000184945	9	1	3
ENSG00000164938	13	0	0
ENSG00000186367	11	1	1
ENSG00000167244	10	0	3
ENSG00000164488	12	0	1
ENSG00000162006	12	0	1
ENSG00000102854	12	0	1
ENSG00000146476	12	1	0
ENSG00000176058	11	0	2
ENSG00000106479	12	0	1
ENSG00000168116	3	0	10
ENSG00000127588	12	0	1
ENSG00000205097	8	3	2
ENSG00000128165	9	0	4
ENSG00000228300	10	0	3
ENSG00000111275	12	1	0
ENSG00000257767	12	1	0
ENSG00000117289	12	0	1
ENSG00000185532	12	0	1
ENSG00000076604	12	1	0
ENSG00000196109	3	6	4
ENSG00000188171	3	6	4
ENSG00000185177	3	6	4
ENSG00000229676	3	6	4
ENSG00000182111	3	6	4
ENSG00000197360	3	6	4
ENSG00000197020	3	6	4
ENSG00000160229	3	6	4
ENSG00000159164	13	0	0
ENSG00000090661	13	0	0
ENSG00000126457	12	0	1
ENSG00000131788	13	0	0
ENSG00000198756	13	0	0
ENSG00000256870	13	0	0
ENSG00000167216	13	0	0
ENSG00000198010	12	0	1
ENSG00000007216	11	1	1
ENSG00000071051	13	0	0
ENSG00000137090	11	1	1
ENSG00000143621	12	1	0
ENSG00000151952	10	2	1
ENSG00000166963	12	1	0
ENSG00000125337	9	0	4
ENSG00000151148	13	0	0
ENSG00000076555	12	1	0
ENSG00000130724	13	0	0
ENSG00000101182	13	0	0
ENSG00000198445	7	1	5
ENSG00000254673	10	1	2
ENSG00000168522	10	1	2
ENSG00000136271	13	0	0
ENSG00000136718	12	1	0
ENSG00000127586	11	0	2
ENSG00000161980	12	1	0
ENSG00000180777	3	9	1
ENSG00000196604	3	9	1
ENSG00000148513	3	9	1
ENSG00000183206	3	9	1
ENSG00000198062	3	9	1
ENSG00000196834	3	9	1
ENSG00000179344	6	6	1
ENSG00000204287	11	1	1
ENSG00000196735	6	6	1
ENSG00000153230	4	3	6
ENSG00000241128	3	5	5
ENSG00000196772	10	2	1
ENSG00000169488	7	4	2
ENSG00000100299	13	0	0
ENSG00000130538	6	6	1
ENSG00000185372	9	2	2
ENSG00000182613	5	7	1
ENSG00000177462	5	7	1
ENSG00000132589	13	0	0
ENSG00000167536	11	2	0
ENSG00000104611	12	1	0
ENSG00000177951	12	0	1
ENSG00000266949	10	1	2
ENSG00000196576	11	0	2
ENSG00000140575	12	1	0
ENSG00000100372	13	0	0
ENSG00000007202	13	0	0
ENSG00000144820	11	2	0
ENSG00000258389	4	3	6
ENSG00000258834	4	3	6
ENSG00000259128	4	3	6
ENSG00000259034	4	3	6
ENSG00000258697	4	3	6
ENSG00000258755	4	3	6
ENSG00000259063	4	3	6
ENSG00000182481	10	3	0
ENSG00000141934	11	2	0
ENSG00000006747	12	0	1
ENSG00000156011	12	1	0
ENSG00000132958	12	1	0
ENSG00000104413	13	0	0
ENSG00000136573	12	1	0
ENSG00000183729	12	0	1
ENSG00000130725	12	0	1
ENSG00000072694	4	9	0
ENSG00000172785	10	3	0
ENSG00000152484	12	1	0
ENSG00000184185	11	0	2
ENSG00000142606	12	0	1
ENSG00000170776	11	2	0
ENSG00000146530	10	2	1
ENSG00000143127	12	0	1
ENSG00000101004	11	2	0
ENSG00000175143	9	2	2
ENSG00000187701	6	1	6
ENSG00000227152	6	1	6
ENSG00000177151	11	0	2
ENSG00000196240	11	0	2
ENSG00000134970	7	3	3
ENSG00000251201	12	0	1
ENSG00000243414	12	0	1
ENSG00000203666	12	0	1
ENSG00000182854	9	3	1
ENSG00000184140	5	7	1
ENSG00000177693	9	4	0
ENSG00000167524	13	0	0
ENSG00000139668	12	0	1
ENSG00000111704	12	1	0
ENSG00000015520	13	0	0
ENSG00000212864	8	0	5
ENSG00000168172	13	0	0
ENSG00000166979	13	0	0
ENSG00000087460	12	1	0
ENSG00000204604	0	12	1
ENSG00000198538	0	12	1
ENSG00000181472	13	0	0
ENSG00000184363	11	0	2
ENSG00000165471	11	1	1
ENSG00000122852	8	4	1
ENSG00000185303	8	4	1
ENSG00000185101	10	1	2
ENSG00000141198	13	0	0
ENSG00000238243	7	5	1
ENSG00000182732	13	0	0
ENSG00000170866	6	6	1
ENSG00000099622	11	1	1
ENSG00000196739	10	0	3
ENSG00000088756	12	1	0
ENSG00000146376	12	1	0
ENSG00000174837	12	0	1
ENSG00000169418	12	0	1
ENSG00000184678	6	4	3
ENSG00000107331	10	0	3
ENSG00000162722	13	0	0
ENSG00000120586	12	1	0
ENSG00000214946	3	7	3
ENSG00000185008	11	2	0
ENSG00000119729	12	0	1
ENSG00000058404	12	0	1
ENSG00000077800	13	0	0
ENSG00000037280	13	0	0
ENSG00000138161	12	0	1
ENSG00000165985	11	0	2
ENSG00000179046	10	3	0
ENSG00000124780	11	0	2
ENSG00000095981	11	1	1
ENSG00000187474	3	2	8
ENSG00000171049	5	3	5
ENSG00000171051	8	1	4
ENSG00000089022	13	0	0
ENSG00000089177	13	0	0
ENSG00000273167	12	0	1
ENSG00000182957	12	0	1
ENSG00000109113	12	1	0
ENSG00000184260	9	1	3
ENSG00000203812	12	1	0
ENSG00000183558	12	1	0
ENSG00000111181	12	0	1
ENSG00000010379	13	0	0
ENSG00000175003	12	1	0
ENSG00000186204	2	11	0
ENSG00000139044	12	0	1
ENSG00000182272	11	0	2
ENSG00000187905	8	0	5
ENSG00000115760	12	1	0
ENSG00000137822	13	0	0
ENSG00000100077	12	0	1
ENSG00000130544	4	2	7
ENSG00000169214	11	2	0
ENSG00000186190	12	0	1
ENSG00000167104	13	0	0
ENSG00000078898	13	0	0
ENSG00000179059	12	1	0
ENSG00000128849	10	1	2
ENSG00000164627	13	0	0
ENSG00000140382	12	1	0
ENSG00000163235	13	0	0
ENSG00000120889	4	6	3
ENSG00000099326	11	0	2
ENSG00000168803	11	2	0
ENSG00000119820	11	1	1
ENSG00000239839	0	6	7
ENSG00000206047	0	6	7
ENSG00000240247	0	6	7
ENSG00000131795	12	1	0
ENSG00000164221	13	0	0
ENSG00000185187	10	2	1
ENSG00000188163	12	0	1
ENSG00000167775	12	0	1
ENSG00000171161	13	0	0
ENSG00000205850	4	1	8
ENSG00000121335	1	2	10
ENSG00000251655	1	2	10
ENSG00000224420	4	0	9
ENSG00000087116	13	0	0
ENSG00000145808	11	0	2
ENSG00000109046	12	1	0
ENSG00000107623	12	0	1
ENSG00000152503	13	0	0
ENSG00000127578	11	0	2
ENSG00000148158	12	1	0
ENSG00000130294	12	0	1
ENSG00000141279	11	2	0
ENSG00000114805	13	0	0
ENSG00000176463	13	0	0
ENSG00000174339	8	4	1
ENSG00000188558	3	8	2
ENSG00000204700	8	4	1
ENSG00000197591	8	3	2
ENSG00000159495	13	0	0
ENSG00000049323	12	1	0
ENSG00000205560	13	0	0
ENSG00000169169	12	0	1
ENSG00000171150	13	0	0
ENSG00000107611	11	2	0
ENSG00000143344	13	0	0
ENSG00000100241	12	1	0
ENSG00000157873	8	1	4
ENSG00000198826	6	0	7
ENSG00000126456	13	0	0
ENSG00000134115	12	0	1
ENSG00000164796	13	0	0
ENSG00000167468	7	1	5
ENSG00000005513	11	0	2
ENSG00000125398	13	0	0
ENSG00000176884	10	1	2
ENSG00000165390	12	1	0
ENSG00000130487	10	0	3
ENSG00000176595	8	0	5
ENSG00000128802	13	0	0
ENSG00000171595	13	0	0
ENSG00000180549	7	0	6
ENSG00000256683	7	1	5
ENSG00000161551	6	2	5
ENSG00000142082	12	0	1
ENSG00000213240	7	1	5
ENSG00000255168	7	1	5
ENSG00000174527	11	0	2
ENSG00000196350	3	4	6
ENSG00000160321	3	4	6
ENSG00000126458	11	0	2
ENSG00000072135	12	1	0
ENSG00000109101	13	0	0
ENSG00000124159	13	0	0
ENSG00000196670	10	3	0
ENSG00000197566	8	4	1
ENSG00000198521	1	10	2
ENSG00000213973	1	10	2
ENSG00000077943	13	0	0
ENSG00000175305	13	0	0
ENSG00000147434	13	0	0
ENSG00000255854	6	6	1
ENSG00000153165	5	1	7
ENSG00000078295	12	0	1
ENSG00000183941	1	7	5
ENSG00000182217	7	5	1
ENSG00000142449	9	1	3
ENSG00000165810	13	0	0
ENSG00000132155	9	4	0
ENSG00000148482	13	0	0
ENSG00000146755	11	2	0
ENSG00000100312	12	0	1
ENSG00000141140	13	0	0
ENSG00000255104	12	1	0
ENSG00000187607	12	1	0
ENSG00000145780	13	0	0
ENSG00000240654	10	2	1
ENSG00000184709	9	0	4
ENSG00000101680	11	2	0
ENSG00000188229	7	2	4
ENSG00000148484	12	1	0
ENSG00000172247	10	2	1
ENSG00000183785	13	0	0
ENSG00000152086	5	8	0
ENSG00000075886	5	7	1
ENSG00000148680	13	0	0
ENSG00000184108	12	0	1
ENSG00000221888	4	7	2
ENSG00000153303	9	1	3
ENSG00000196391	8	0	5
ENSG00000183598	3	5	5
ENSG00000203811	0	8	5
ENSG00000203852	11	0	2
ENSG00000172671	13	0	0
ENSG00000196169	11	1	1
ENSG00000187080	5	2	6
ENSG00000198128	3	9	1
ENSG00000196936	3	9	1
ENSG00000172794	13	0	0
ENSG00000197608	3	10	0
ENSG00000204611	3	10	0
ENSG00000023191	11	1	1
ENSG00000176024	9	0	4
ENSG00000198093	4	0	9
ENSG00000142556	7	0	6
ENSG00000120805	13	0	0
ENSG00000184270	10	1	2
ENSG00000091592	8	2	3
ENSG00000171931	8	1	4
ENSG00000177275	7	4	2
ENSG00000111271	10	3	0
ENSG00000198178	2	0	11
ENSG00000198035	1	4	8
ENSG00000188234	1	4	8
ENSG00000114670	13	0	0
ENSG00000160602	12	1	0
ENSG00000108448	4	1	8
ENSG00000197619	10	0	3
ENSG00000147432	13	0	0
ENSG00000170631	5	2	6
ENSG00000188566	12	0	1
ENSG00000181444	12	1	0
ENSG00000197302	2	3	8
