ENSG00000130643	12	0	1
ENSG00000148803	11	2	0
ENSG00000237763	4	9	0
ENSG00000240038	4	9	0
ENSG00000174876	4	9	0
ENSG00000187733	4	9	0
ENSG00000243480	4	9	0
ENSG00000147799	12	1	0
ENSG00000187583	12	1	0
ENSG00000149328	12	0	1
ENSG00000166105	13	0	0
ENSG00000188976	11	2	0
ENSG00000162729	12	0	1
ENSG00000198546	12	0	1
ENSG00000171798	13	0	0
ENSG00000213563	9	0	4
ENSG00000165828	10	0	3
ENSG00000268179	2	0	11
ENSG00000178287	10	1	2
ENSG00000171794	9	0	4
ENSG00000230567	12	1	0
ENSG00000171772	12	1	0
ENSG00000187642	13	0	0
ENSG00000176782	6	0	7
ENSG00000204775	12	0	1
ENSG00000170727	12	0	1
ENSG00000255223	10	2	1
ENSG00000181371	8	4	1
ENSG00000174937	7	5	1
ENSG00000150269	7	6	0
ENSG00000254834	3	10	0
ENSG00000255012	3	10	0
ENSG00000090565	13	0	0
ENSG00000182319	10	3	0
ENSG00000148824	12	0	1
ENSG00000254536	12	0	1
ENSG00000148832	13	0	0
ENSG00000176797	10	2	1
ENSG00000179104	13	0	0
ENSG00000186119	6	6	1
ENSG00000205029	5	5	3
ENSG00000198877	11	2	0
ENSG00000186113	6	7	0
ENSG00000205030	5	8	0
ENSG00000186117	5	8	0
ENSG00000187634	11	1	1
ENSG00000160957	11	0	2
ENSG00000167702	12	0	1
ENSG00000174970	6	4	3
ENSG00000150261	10	3	0
ENSG00000181689	5	8	0
ENSG00000181752	5	6	2
ENSG00000018625	12	0	1
ENSG00000174942	9	4	0
ENSG00000172199	12	1	0
ENSG00000172487	2	11	0
ENSG00000167822	2	11	0
ENSG00000181927	12	0	1
ENSG00000187961	12	0	1
ENSG00000167701	12	0	1
ENSG00000130649	11	1	1
ENSG00000177807	11	1	1
ENSG00000181939	4	3	6
ENSG00000127884	9	3	1
ENSG00000160972	11	0	2
ENSG00000162728	11	0	2
ENSG00000188686	6	0	7
ENSG00000187786	6	0	7
ENSG00000130640	13	0	0
ENSG00000160959	12	1	0
ENSG00000144063	13	0	0
ENSG00000167700	12	0	1
ENSG00000203772	8	0	5
ENSG00000151651	10	0	3
ENSG00000181935	7	6	0
ENSG00000172188	2	9	2
ENSG00000174982	9	3	1
ENSG00000204983	7	6	0
ENSG00000187951	7	0	6
ENSG00000172464	6	7	0
ENSG00000149133	5	8	0
ENSG00000213214	2	0	11
ENSG00000160973	13	0	0
ENSG00000181903	8	4	1
ENSG00000091262	12	1	0
ENSG00000181718	7	5	1
ENSG00000181785	11	0	2
ENSG00000172489	2	10	1
ENSG00000181698	2	10	1
ENSG00000254402	12	0	1
ENSG00000151650	5	2	6
ENSG00000187612	8	5	0
ENSG00000172459	13	0	0
ENSG00000167825	11	2	0
ENSG00000174957	12	1	0
ENSG00000172154	10	1	2
ENSG00000181767	4	9	0
ENSG00000181693	4	9	0
ENSG00000181761	4	9	0
ENSG00000172457	10	2	1
ENSG00000174914	9	4	0
ENSG00000103326	12	0	1
