ENSG00000188279	13	0	0
ENSG00000189090	13	0	0
ENSG00000164690	11	1	1
ENSG00000103260	9	0	4
ENSG00000145781	13	0	0
ENSG00000205884	10	0	3
ENSG00000186599	6	2	5
ENSG00000186562	6	2	5
ENSG00000129562	13	0	0
ENSG00000232948	7	1	5
ENSG00000233050	7	1	5
ENSG00000165935	12	0	1
ENSG00000109536	7	6	0
ENSG00000203817	12	1	0
ENSG00000103269	12	0	1
ENSG00000187010	12	1	0
ENSG00000186579	5	2	6
ENSG00000187082	5	2	6
ENSG00000197006	12	1	0
ENSG00000198129	8	0	5
ENSG00000186572	8	0	5
ENSG00000140749	12	0	1
ENSG00000140983	11	1	1
ENSG00000164808	12	1	0
ENSG00000103254	11	0	2
ENSG00000161999	11	0	2
ENSG00000148483	13	0	0
ENSG00000072444	12	1	0
ENSG00000100439	13	0	0
ENSG00000234769	12	1	0
ENSG00000164825	10	0	3
ENSG00000185053	9	3	1
ENSG00000268172	1	0	12
ENSG00000205882	6	0	7
ENSG00000183784	0	0	13
ENSG00000243452	3	8	2
ENSG00000122497	3	8	2
ENSG00000203827	3	8	2
ENSG00000198250	9	3	1
ENSG00000181031	11	0	2
ENSG00000145736	12	0	1
ENSG00000249437	7	3	3
ENSG00000145002	11	2	0
ENSG00000186523	11	2	0
ENSG00000152726	12	1	0
ENSG00000226174	7	0	6
ENSG00000167195	7	6	0
ENSG00000259455	7	6	0
ENSG00000215405	7	6	0
ENSG00000197414	7	6	0
ENSG00000153666	7	6	0
ENSG00000175265	7	6	0
ENSG00000140478	7	6	0
ENSG00000177990	12	1	0
ENSG00000185775	8	4	1
ENSG00000163982	12	1	0
ENSG00000238083	3	10	0
ENSG00000176681	3	10	0
ENSG00000215372	5	4	4
ENSG00000215356	5	4	4
ENSG00000215343	5	4	4
ENSG00000155719	13	0	0
ENSG00000178104	10	3	0
ENSG00000073969	12	1	0
ENSG00000249773	10	3	0
ENSG00000172366	10	0	3
ENSG00000172969	8	3	2
ENSG00000225899	8	3	2
ENSG00000205883	6	1	6
ENSG00000138083	8	0	5
ENSG00000197134	3	6	4
ENSG00000230031	3	9	1
ENSG00000233917	3	9	1
ENSG00000222036	3	9	1
ENSG00000172014	3	9	1
ENSG00000187537	3	9	1
ENSG00000165762	11	2	0
ENSG00000155249	10	2	1
ENSG00000176281	11	1	1
ENSG00000257115	6	6	1
ENSG00000171180	5	6	2
ENSG00000177212	5	7	1
ENSG00000177201	5	7	1
ENSG00000162727	9	1	3
ENSG00000204175	13	0	0
ENSG00000176294	7	5	1
ENSG00000183706	5	6	2
ENSG00000182652	8	3	2
ENSG00000176299	10	1	2
ENSG00000182974	10	1	2
ENSG00000205572	4	6	3
ENSG00000172058	4	6	3
ENSG00000166157	12	1	0
ENSG00000255098	1	0	12
ENSG00000196090	11	2	0
ENSG00000204790	10	3	0
ENSG00000029153	11	1	1
ENSG00000204174	12	0	1
ENSG00000183130	7	2	4
ENSG00000198104	10	2	1
ENSG00000184022	3	5	5
ENSG00000176269	6	5	2
ENSG00000230178	6	5	2
ENSG00000176695	9	4	0
ENSG00000036448	12	1	0
ENSG00000117114	13	0	0
ENSG00000183748	12	1	0
ENSG00000242384	3	7	3
ENSG00000234972	3	7	3
ENSG00000224226	3	7	3
ENSG00000059804	8	5	0
ENSG00000173262	8	5	0
ENSG00000120645	13	0	0
ENSG00000255804	5	8	0
ENSG00000197701	2	10	1
ENSG00000058453	12	1	0
ENSG00000153575	13	0	0
ENSG00000127580	12	0	1
ENSG00000161996	11	1	1
ENSG00000172062	9	4	0
ENSG00000205571	9	4	0
ENSG00000196400	0	3	10
ENSG00000164821	0	6	7
ENSG00000164816	0	6	7
ENSG00000164822	0	6	7
ENSG00000103266	11	1	1
ENSG00000184305	12	1	0
ENSG00000117616	12	0	1
ENSG00000134365	2	8	3
ENSG00000154529	4	8	1
ENSG00000204793	2	1	10
ENSG00000130226	13	0	0
ENSG00000257207	11	2	0
ENSG00000256671	11	2	0
ENSG00000173213	0	4	9
ENSG00000130656	6	3	4
ENSG00000206177	9	0	4
ENSG00000186807	12	1	0
ENSG00000150165	12	1	0
ENSG00000177174	3	4	6
ENSG00000204179	12	0	1
ENSG00000183675	12	0	1
ENSG00000100068	9	4	0
ENSG00000204176	13	0	0
ENSG00000223443	4	7	2
ENSG00000255963	6	6	1
ENSG00000227124	3	8	2
ENSG00000204941	2	9	2
ENSG00000183668	2	9	2
ENSG00000243137	2	9	2
ENSG00000211455	12	0	1
ENSG00000203818	3	8	2
ENSG00000196071	7	4	2
ENSG00000203663	3	9	1
ENSG00000197454	3	9	1
ENSG00000203814	10	1	2
ENSG00000127585	12	0	1
ENSG00000204172	1	4	8
ENSG00000178665	9	2	2
ENSG00000185947	2	3	8
ENSG00000176134	2	1	10
ENSG00000228696	1	1	11
ENSG00000185829	1	1	11
