ENSG00000184986	8	0	5
ENSG00000179172	3	10	0
ENSG00000185347	12	0	1
ENSG00000164871	10	1	2
ENSG00000171368	12	1	0
ENSG00000177023	6	0	7
ENSG00000068793	13	0	0
ENSG00000243566	11	0	2
ENSG00000180104	10	2	1
ENSG00000185420	12	1	0
ENSG00000090857	12	1	0
ENSG00000146707	1	3	9
ENSG00000120071	13	0	0
ENSG00000242866	13	0	0
ENSG00000112877	12	0	1
ENSG00000177243	10	2	1
ENSG00000140157	11	1	1
ENSG00000170113	12	0	1
ENSG00000182809	7	2	4
ENSG00000257341	8	1	4
ENSG00000213145	8	1	4
ENSG00000237289	13	0	0
ENSG00000066230	13	0	0
ENSG00000182979	11	1	1
ENSG00000249915	9	1	3
ENSG00000188818	9	1	3
ENSG00000206077	9	1	3
ENSG00000110841	12	0	1
ENSG00000171496	7	4	2
ENSG00000063438	12	0	1
ENSG00000112679	12	0	1
ENSG00000080910	2	2	9
ENSG00000244414	2	2	9
ENSG00000107099	13	0	0
ENSG00000179915	8	3	2
ENSG00000150275	12	1	0
ENSG00000140479	13	0	0
ENSG00000124467	2	9	2
ENSG00000242221	2	9	2
ENSG00000231924	2	9	2
ENSG00000243130	2	9	2
ENSG00000170848	2	9	2
ENSG00000171501	10	3	0
ENSG00000166762	12	0	1
