ENSG00000188996	4	1	8
ENSG00000141577	12	0	1
ENSG00000160305	11	0	2
ENSG00000175711	11	0	2
ENSG00000113384	12	0	1
ENSG00000214026	11	0	2
ENSG00000213638	7	0	6
ENSG00000112685	12	1	0
ENSG00000125788	7	0	6
ENSG00000227500	12	0	1
ENSG00000167302	12	0	1
ENSG00000068383	12	0	1
ENSG00000141556	13	0	0
ENSG00000198420	13	0	0
ENSG00000163964	12	0	1
ENSG00000147316	12	1	0
ENSG00000172995	13	0	0
ENSG00000152936	12	0	1
ENSG00000035115	13	0	0
ENSG00000224877	6	0	7
ENSG00000048052	11	2	0
ENSG00000071189	13	0	0
ENSG00000169918	13	0	0
ENSG00000015171	12	1	0
ENSG00000088782	5	0	8
ENSG00000160310	12	1	0
ENSG00000188984	13	0	0
ENSG00000229937	11	0	2
ENSG00000221813	11	1	1
ENSG00000168016	12	1	0
ENSG00000135220	11	2	0
ENSG00000271271	0	11	2
ENSG00000171234	2	11	0
ENSG00000173610	2	11	0
ENSG00000213759	2	11	0
ENSG00000270386	2	11	0
ENSG00000156096	2	11	0
ENSG00000173482	13	0	0
ENSG00000181409	12	0	1
ENSG00000134160	13	0	0
ENSG00000162849	12	1	0
ENSG00000075711	13	0	0
ENSG00000180370	11	2	0
ENSG00000157637	12	0	1
ENSG00000133275	12	0	1
ENSG00000221933	8	5	0
ENSG00000221938	6	6	1
ENSG00000221858	4	9	0
ENSG00000221989	8	5	0
ENSG00000221836	9	4	0
ENSG00000160307	12	0	1
ENSG00000133401	10	3	0
ENSG00000175344	6	0	7
ENSG00000213215	1	12	0
ENSG00000221910	1	12	0
ENSG00000170324	11	0	2
ENSG00000181090	12	0	1
