ENSG00000103226	12	1	0
ENSG00000162734	13	0	0
ENSG00000214253	13	0	0
ENSG00000178591	9	2	2
ENSG00000122507	12	1	0
ENSG00000151502	11	2	0
ENSG00000166118	12	0	1
ENSG00000100814	13	0	0
ENSG00000129925	12	0	1
ENSG00000163888	10	0	3
ENSG00000007541	13	0	0
ENSG00000136319	13	0	0
ENSG00000090534	11	1	1
ENSG00000271303	10	1	2
ENSG00000185621	12	0	1
ENSG00000146143	11	1	1
ENSG00000103126	13	0	0
ENSG00000215397	6	0	7
ENSG00000150477	11	2	0
ENSG00000151503	13	0	0
ENSG00000164828	11	1	1
ENSG00000122068	11	2	0
ENSG00000139133	11	2	0
ENSG00000067057	13	0	0
ENSG00000151500	12	1	0
ENSG00000170088	11	1	1
ENSG00000214160	12	0	1
ENSG00000114757	13	0	0
ENSG00000175182	11	1	1
ENSG00000239857	12	0	1
ENSG00000197177	13	0	0
ENSG00000167011	6	0	7
ENSG00000240230	11	0	2
ENSG00000182899	7	6	0
ENSG00000129484	13	0	0
ENSG00000086504	11	0	2
ENSG00000109956	13	0	0
ENSG00000128564	10	1	2
ENSG00000146540	10	1	2
ENSG00000015413	13	0	0
ENSG00000163882	10	1	2
ENSG00000134779	12	1	0
ENSG00000106400	12	0	1
ENSG00000143318	13	0	0
ENSG00000048707	12	1	0
ENSG00000186487	12	1	0
ENSG00000155087	12	1	0
ENSG00000145191	13	0	0
ENSG00000215193	10	1	2
ENSG00000220032	1	0	12
ENSG00000106367	13	0	0
ENSG00000105963	10	1	2
ENSG00000215186	7	6	0
ENSG00000258465	13	0	0
ENSG00000132716	13	0	0
ENSG00000145198	13	0	0
ENSG00000114867	11	2	0
ENSG00000101493	13	0	0
ENSG00000173467	11	0	2
ENSG00000167693	11	2	0
ENSG00000188157	10	1	2
ENSG00000163626	13	0	0
ENSG00000093167	13	0	0
ENSG00000271321	8	5	0
ENSG00000225932	8	5	0
ENSG00000237330	6	0	7
ENSG00000171241	12	1	0
ENSG00000179588	8	0	5
ENSG00000161992	12	0	1
ENSG00000080854	12	1	0
ENSG00000225614	10	0	3
ENSG00000162496	12	1	0
ENSG00000197123	3	6	4
ENSG00000257482	3	6	4
ENSG00000234444	3	6	4
ENSG00000132950	12	0	1
ENSG00000106397	13	0	0
ENSG00000112232	13	0	0
ENSG00000204518	6	4	3
ENSG00000076242	12	1	0
ENSG00000175166	12	1	0
ENSG00000101489	12	0	1
ENSG00000132681	13	0	0
ENSG00000176198	9	4	0
ENSG00000176219	10	1	2
ENSG00000171811	10	2	1
ENSG00000185989	13	0	0
ENSG00000114859	11	1	1
ENSG00000109466	13	0	0
ENSG00000183715	12	0	1
ENSG00000145194	13	0	0
ENSG00000161267	12	1	0
ENSG00000073067	11	0	2
ENSG00000178567	11	0	2
ENSG00000134121	11	1	1
ENSG00000134343	12	1	0
ENSG00000188290	6	1	6
ENSG00000103202	11	1	1
ENSG00000181958	7	3	3
ENSG00000181961	4	8	1
ENSG00000110975	13	0	0
ENSG00000106546	12	1	0
ENSG00000091879	13	0	0
ENSG00000038382	11	2	0
ENSG00000270299	2	0	11
ENSG00000145416	13	0	0
ENSG00000125878	11	0	2
ENSG00000134250	11	1	1
ENSG00000166086	13	0	0
ENSG00000126216	13	0	0
ENSG00000090539	13	0	0
ENSG00000226321	7	1	5
ENSG00000197562	10	1	2
ENSG00000145113	11	0	2
ENSG00000116678	12	1	0
ENSG00000114473	12	0	1
ENSG00000182545	10	1	2
ENSG00000176945	12	0	1
ENSG00000148848	13	0	0
ENSG00000178773	10	0	3
ENSG00000182674	11	1	1
ENSG00000212807	3	9	1
ENSG00000147852	13	0	0
ENSG00000184979	13	0	0
ENSG00000132466	12	1	0
ENSG00000186001	13	0	0
ENSG00000061938	12	0	1
ENSG00000183439	4	2	7
ENSG00000106404	13	0	0
ENSG00000143140	13	0	0
ENSG00000068650	13	0	0
ENSG00000154556	12	1	0
ENSG00000106366	13	0	0
ENSG00000148498	13	0	0
ENSG00000256825	5	1	7
ENSG00000148826	7	0	6
ENSG00000111452	12	0	1
ENSG00000176979	8	1	4
ENSG00000151498	13	0	0
ENSG00000148408	12	1	0
ENSG00000256223	8	0	5
ENSG00000090612	8	3	2
ENSG00000039139	11	1	1
ENSG00000106384	7	3	3
ENSG00000129566	12	1	0
ENSG00000257108	6	0	7
ENSG00000187608	12	1	0
