ENSG00000117262	12	0	1
ENSG00000182372	13	0	0
ENSG00000100380	6	6	1
ENSG00000176845	13	0	0
ENSG00000185418	13	0	0
ENSG00000164944	13	0	0
ENSG00000147364	13	0	0
ENSG00000135974	13	0	0
ENSG00000135973	13	0	0
ENSG00000127418	11	0	2
ENSG00000163283	4	9	0
ENSG00000163295	4	9	0
ENSG00000163286	4	9	0
ENSG00000265817	9	1	3
ENSG00000099625	10	0	3
ENSG00000073578	13	0	0
ENSG00000103160	13	0	0
ENSG00000103168	13	0	0
ENSG00000142207	12	0	1
ENSG00000132199	11	0	2
ENSG00000103175	10	1	2
ENSG00000157330	13	0	0
ENSG00000176890	13	0	0
ENSG00000151353	11	1	1
ENSG00000127415	11	0	2
ENSG00000127419	10	1	2
ENSG00000131871	12	1	0
ENSG00000146147	12	1	0
ENSG00000180190	12	0	1
ENSG00000137574	11	2	0
ENSG00000114126	13	0	0
ENSG00000112592	12	1	0
ENSG00000151718	13	0	0
ENSG00000152042	3	8	2
ENSG00000197437	11	2	0
ENSG00000140943	13	0	0
ENSG00000251322	10	3	0
ENSG00000131876	13	0	0
ENSG00000153563	12	0	1
ENSG00000172116	13	0	0
ENSG00000131873	13	0	0
ENSG00000174827	8	4	1
ENSG00000162687	13	0	0
ENSG00000175066	13	0	0
ENSG00000118046	11	0	2
ENSG00000107104	11	2	0
ENSG00000071994	11	2	0
ENSG00000135966	13	0	0
ENSG00000079101	9	1	3
ENSG00000154025	13	0	0
ENSG00000115705	10	1	2
ENSG00000140955	11	1	1
ENSG00000183098	10	3	0
ENSG00000184005	9	2	2
ENSG00000172554	10	0	3
ENSG00000141127	13	0	0
ENSG00000197275	13	0	0
ENSG00000196236	13	0	0
ENSG00000008018	13	0	0
ENSG00000064270	12	0	1
ENSG00000153404	7	1	5
ENSG00000254087	12	0	1
ENSG00000171551	13	0	0
ENSG00000205111	13	0	0
ENSG00000115252	13	0	0
ENSG00000104728	13	0	0
ENSG00000177143	13	0	0
ENSG00000135443	11	2	0
ENSG00000170523	10	2	1
ENSG00000161849	12	1	0
ENSG00000114127	13	0	0
ENSG00000011566	12	1	0
ENSG00000181449	13	0	0
ENSG00000087128	11	2	0
ENSG00000169855	10	3	0
ENSG00000154099	12	1	0
ENSG00000172404	10	2	1
ENSG00000144847	13	0	0
ENSG00000137251	11	1	1
ENSG00000168418	12	1	0
ENSG00000184277	13	0	0
ENSG00000151466	12	1	0
ENSG00000169224	7	0	6
ENSG00000140470	12	0	1
ENSG00000117020	13	0	0
ENSG00000177489	5	6	2
ENSG00000196242	5	5	3
ENSG00000177476	7	4	2
ENSG00000152208	12	0	1
ENSG00000165202	10	2	1
ENSG00000115641	13	0	0
ENSG00000158270	11	1	1
ENSG00000077684	13	0	0
ENSG00000183166	10	2	1
ENSG00000145217	10	0	3
ENSG00000206422	11	0	2
ENSG00000237412	7	0	6
ENSG00000196811	13	0	0
ENSG00000135902	13	0	0
ENSG00000128731	12	1	0
ENSG00000145214	12	0	1
ENSG00000184058	10	0	3
