ENSG00000108381	12	1	0
ENSG00000129521	13	0	0
ENSG00000100890	13	0	0
ENSG00000258790	13	0	0
ENSG00000103485	11	1	1
ENSG00000163879	13	0	0
ENSG00000146733	12	0	1
ENSG00000105982	13	0	0
ENSG00000149651	12	0	1
ENSG00000172987	10	2	1
ENSG00000215784	12	1	0
ENSG00000185049	12	0	1
ENSG00000144031	12	0	1
ENSG00000172613	11	0	2
ENSG00000204442	12	1	0
ENSG00000105983	12	1	0
ENSG00000116922	10	0	3
ENSG00000166394	12	1	0
ENSG00000129103	13	0	0
ENSG00000177721	5	0	8
ENSG00000146910	12	0	1
ENSG00000106617	12	1	0
ENSG00000144043	13	0	0
ENSG00000258881	13	0	0
ENSG00000134690	12	0	1
ENSG00000204099	9	0	4
ENSG00000169218	12	0	1
ENSG00000104723	13	0	0
ENSG00000145734	12	1	0
ENSG00000164197	13	0	0
ENSG00000154252	12	1	0
ENSG00000188389	10	1	2
ENSG00000156639	12	1	0
ENSG00000185905	12	0	1
ENSG00000205246	2	11	0
ENSG00000106034	13	0	0
ENSG00000163875	13	0	0
ENSG00000263136	10	2	1
ENSG00000185928	10	2	1
ENSG00000184719	10	1	2
ENSG00000197826	11	1	1
ENSG00000187147	11	2	0
ENSG00000151327	12	1	0
ENSG00000213402	11	0	2
ENSG00000197471	12	1	0
ENSG00000141255	12	1	0
ENSG00000112799	12	0	1
ENSG00000172508	12	0	1
ENSG00000159961	4	8	1
ENSG00000221882	5	7	1
ENSG00000180090	10	2	1
ENSG00000172716	8	3	2
ENSG00000172123	3	5	5
ENSG00000219481	3	8	2
ENSG00000203836	3	8	2
ENSG00000106153	8	5	0
ENSG00000173517	12	1	0
ENSG00000183474	12	0	1
ENSG00000162924	13	0	0
ENSG00000220575	4	0	9
ENSG00000189283	10	0	3
ENSG00000216921	3	0	10
ENSG00000172264	4	1	8
ENSG00000166415	12	1	0
ENSG00000172531	12	0	1
ENSG00000078114	11	2	0
ENSG00000215252	7	6	0
ENSG00000186399	7	6	0
ENSG00000144366	12	1	0
ENSG00000038002	13	0	0
ENSG00000185046	11	2	0
ENSG00000188011	7	0	6
ENSG00000092020	12	1	0
ENSG00000170396	12	1	0
ENSG00000083123	13	0	0
ENSG00000103495	10	1	2
ENSG00000174992	11	1	1
ENSG00000184863	11	2	0
ENSG00000167371	13	0	0
ENSG00000239789	10	3	0
ENSG00000184674	13	0	0
ENSG00000237440	3	6	4
ENSG00000213967	3	6	4
ENSG00000213096	3	6	4
ENSG00000196172	3	6	4
ENSG00000197372	3	6	4
ENSG00000186094	10	1	2
ENSG00000183303	6	7	0
ENSG00000182334	7	6	0
ENSG00000167723	12	0	1
ENSG00000179399	11	0	2
ENSG00000183826	10	3	0
ENSG00000147481	13	0	0
ENSG00000100121	11	2	0
ENSG00000116039	13	0	0
ENSG00000146731	8	5	0
ENSG00000134697	13	0	0
ENSG00000167721	10	2	1
ENSG00000167720	11	1	1
ENSG00000146909	11	1	1
ENSG00000075213	12	1	0
ENSG00000163513	13	0	0
ENSG00000212127	4	6	3
ENSG00000255374	3	9	1
ENSG00000226761	3	9	1
ENSG00000224389	9	4	0
ENSG00000244731	9	4	0
ENSG00000186480	12	1	0
ENSG00000178568	11	2	0
ENSG00000157212	11	2	0
ENSG00000128512	11	2	0
ENSG00000157423	9	4	0
ENSG00000139547	7	6	0
ENSG00000184908	7	6	0
ENSG00000254535	4	1	8
ENSG00000154997	12	1	0
ENSG00000038945	13	0	0
ENSG00000172260	12	0	1
ENSG00000127533	12	0	1
ENSG00000185097	6	5	2
ENSG00000156052	12	0	1
ENSG00000127377	12	0	1
ENSG00000167554	0	12	1
ENSG00000221923	0	12	1
ENSG00000198464	0	12	1
ENSG00000145526	13	0	0
ENSG00000186818	1	12	0
ENSG00000104972	6	6	1
ENSG00000185737	13	0	0
ENSG00000204740	6	1	6
ENSG00000185128	3	7	3
ENSG00000108379	13	0	0
ENSG00000130202	13	0	0
ENSG00000184226	12	1	0
ENSG00000165323	13	0	0
ENSG00000151012	12	1	0
ENSG00000106615	13	0	0
ENSG00000175463	13	0	0
ENSG00000101425	13	0	0
ENSG00000172725	12	0	1
ENSG00000102879	13	0	0
ENSG00000215018	12	1	0
ENSG00000163877	12	1	0
ENSG00000211448	8	0	5
ENSG00000146729	11	0	2
ENSG00000109674	13	0	0
ENSG00000187180	0	3	10
ENSG00000159455	0	3	10
ENSG00000187223	0	3	10
ENSG00000187173	3	0	10
ENSG00000198854	10	0	3
ENSG00000175065	13	0	0
ENSG00000204520	8	2	3
ENSG00000175634	12	0	1
ENSG00000178234	13	0	0
ENSG00000106648	12	0	1
ENSG00000085382	13	0	0
ENSG00000135747	1	8	4
ENSG00000172150	3	6	4
ENSG00000172146	4	8	1
ENSG00000180016	2	11	0
ENSG00000127780	2	11	0
ENSG00000144619	13	0	0
ENSG00000256977	11	2	0
ENSG00000163874	12	0	1
ENSG00000174482	11	1	1
ENSG00000148948	13	0	0
ENSG00000157219	11	2	0
ENSG00000236334	6	6	1
ENSG00000231852	11	2	0
ENSG00000185924	12	1	0
ENSG00000095917	4	9	0
ENSG00000171094	13	0	0
ENSG00000189180	6	7	0
ENSG00000164778	13	0	0
ENSG00000079616	10	2	1
ENSG00000168477	13	0	0
ENSG00000175395	9	1	3
ENSG00000160111	7	0	6
ENSG00000116035	13	0	0
ENSG00000206503	2	2	9
ENSG00000172262	13	0	0
ENSG00000187260	12	0	1
ENSG00000164776	13	0	0
