ENSG00000185122	11	1	1
ENSG00000002822	11	2	0
ENSG00000197599	11	1	1
ENSG00000185803	4	8	1
ENSG00000122674	11	2	0
ENSG00000169594	12	1	0
ENSG00000165475	13	0	0
ENSG00000160948	13	0	0
ENSG00000162032	12	0	1
ENSG00000095794	13	0	0
ENSG00000122543	12	1	0
ENSG00000174177	10	0	3
ENSG00000074071	12	0	1
ENSG00000182325	13	0	0
ENSG00000141013	13	0	0
ENSG00000179889	11	1	1
ENSG00000185669	12	0	1
ENSG00000170616	9	0	4
ENSG00000114423	13	0	0
ENSG00000059145	11	1	1
ENSG00000136404	13	0	0
ENSG00000103335	11	1	1
ENSG00000186952	13	0	0
ENSG00000007520	12	0	1
ENSG00000167508	11	0	2
ENSG00000106305	12	1	0
ENSG00000170379	11	1	1
ENSG00000187954	13	0	0
ENSG00000196584	13	0	0
ENSG00000151332	13	0	0
ENSG00000011275	12	1	0
ENSG00000090581	13	0	0
ENSG00000174109	12	0	1
ENSG00000214597	12	0	1
ENSG00000086232	13	0	0
ENSG00000166503	12	0	1
ENSG00000063854	13	0	0
ENSG00000158717	11	0	2
ENSG00000185000	13	0	0
ENSG00000122512	12	1	0
ENSG00000075618	11	1	1
ENSG00000121858	13	0	0
ENSG00000170017	13	0	0
ENSG00000188107	6	3	4
ENSG00000244693	8	5	0
ENSG00000185946	11	1	1
ENSG00000197774	11	0	2
ENSG00000102882	12	1	0
ENSG00000146757	3	6	4
ENSG00000183230	12	0	1
ENSG00000078808	11	0	2
ENSG00000133627	12	1	0
ENSG00000173137	13	0	0
ENSG00000071894	11	0	2
ENSG00000095906	11	0	2
ENSG00000103275	13	0	0
ENSG00000120324	7	1	5
ENSG00000157999	12	0	1
ENSG00000185565	12	0	1
ENSG00000138834	12	0	1
ENSG00000197408	8	5	0
ENSG00000154162	13	0	0
ENSG00000103024	10	0	3
ENSG00000126856	9	1	3
ENSG00000155026	11	1	1
ENSG00000108094	13	0	0
ENSG00000007516	12	0	1
ENSG00000197912	11	0	2
ENSG00000186891	12	0	1
ENSG00000186827	11	0	2
ENSG00000221970	3	9	1
ENSG00000166664	6	2	5
ENSG00000113448	13	0	0
ENSG00000160949	13	0	0
ENSG00000136213	13	0	0
ENSG00000197959	11	2	0
ENSG00000181273	10	3	0
ENSG00000111700	10	3	0
ENSG00000257062	10	3	0
ENSG00000205754	10	3	0
ENSG00000257046	10	3	0
ENSG00000134538	10	3	0
ENSG00000099769	11	0	2
ENSG00000162571	12	0	1
ENSG00000187957	13	0	0
ENSG00000152495	13	0	0
ENSG00000147804	12	0	1
ENSG00000130675	12	0	1
ENSG00000152061	8	5	0
