ENSG00000167194	11	0	2
ENSG00000141522	10	1	2
ENSG00000214960	9	1	3
ENSG00000183010	13	0	0
ENSG00000090238	13	0	0
ENSG00000149925	8	5	0
ENSG00000185105	11	0	2
ENSG00000169592	13	0	0
ENSG00000149932	13	0	0
ENSG00000183979	7	0	6
ENSG00000126870	12	0	1
ENSG00000149929	13	0	0
ENSG00000155034	13	0	0
ENSG00000185269	10	0	3
ENSG00000198690	13	0	0
ENSG00000146918	11	1	1
ENSG00000188641	10	3	0
ENSG00000149926	12	0	1
ENSG00000102886	13	0	0
ENSG00000169696	11	1	1
ENSG00000174943	13	0	0
ENSG00000104626	12	1	0
ENSG00000174939	13	0	0
ENSG00000171282	12	1	0
ENSG00000187531	12	0	1
ENSG00000170100	4	8	1
ENSG00000117868	12	0	1
ENSG00000167522	12	1	0
ENSG00000197063	11	0	2
ENSG00000149923	12	0	1
ENSG00000185813	11	0	2
ENSG00000070366	12	1	0
ENSG00000008256	11	0	2
ENSG00000075624	11	2	0
ENSG00000184009	9	3	1
ENSG00000182621	13	0	0
ENSG00000149930	13	0	0
ENSG00000055609	10	3	0
ENSG00000205359	11	2	0
ENSG00000185624	11	0	2
ENSG00000006607	13	0	0
ENSG00000149927	13	0	0
ENSG00000106346	13	0	0
ENSG00000155093	11	0	2
ENSG00000149922	12	0	1
ENSG00000214954	11	0	2
