ENSG00000132744	6	0	7
ENSG00000110711	12	0	1
ENSG00000040531	13	0	0
ENSG00000086730	12	0	1
ENSG00000167797	12	0	1
ENSG00000155714	12	1	0
ENSG00000013364	13	0	0
ENSG00000144455	13	0	0
ENSG00000116183	13	0	0
ENSG00000167792	12	0	1
ENSG00000197417	13	0	0
ENSG00000172663	10	0	3
ENSG00000132383	12	1	0
ENSG00000103187	13	0	0
ENSG00000155974	13	0	0
ENSG00000152193	13	0	0
ENSG00000078328	13	0	0
ENSG00000058600	13	0	0
ENSG00000103502	13	0	0
ENSG00000168393	12	0	1
ENSG00000185716	10	0	3
ENSG00000140743	11	1	1
ENSG00000145506	11	0	2
ENSG00000228157	1	1	11
ENSG00000176720	13	0	0
ENSG00000176946	13	0	0
ENSG00000250722	6	0	7
ENSG00000168397	12	0	1
ENSG00000164256	2	1	10
ENSG00000112584	12	1	0
ENSG00000198477	9	2	2
ENSG00000169548	5	0	8
ENSG00000112530	10	1	2
ENSG00000175267	11	2	0
ENSG00000167799	11	0	2
ENSG00000028310	12	0	1
ENSG00000262304	13	0	0
ENSG00000112531	11	2	0
ENSG00000154016	6	2	5
ENSG00000189152	4	3	6
ENSG00000168395	12	0	1
ENSG00000183921	10	0	3
ENSG00000084207	8	5	0
ENSG00000140740	10	3	0
ENSG00000009335	13	0	0
ENSG00000180902	12	1	0
ENSG00000186153	9	3	1
ENSG00000175161	13	0	0
ENSG00000122641	13	0	0
ENSG00000115694	12	0	1
ENSG00000184224	1	0	12
ENSG00000165841	1	12	0
ENSG00000108242	1	12	0
ENSG00000177119	13	0	0
ENSG00000040731	13	0	0
ENSG00000115904	13	0	0
ENSG00000175514	10	0	3
ENSG00000105993	9	3	1
ENSG00000185686	8	4	1
ENSG00000174938	13	0	0
ENSG00000197822	12	1	0
ENSG00000186532	13	0	0
ENSG00000167791	11	1	1
ENSG00000175544	12	0	1
ENSG00000188295	1	8	4
ENSG00000110697	12	0	1
ENSG00000103319	13	0	0
ENSG00000152192	6	0	7
ENSG00000167800	10	0	3
ENSG00000185305	13	0	0
ENSG00000198719	13	0	0
