ENSG00000166313	13	0	0
ENSG00000131899	12	1	0
ENSG00000153048	11	2	0
ENSG00000187676	13	0	0
ENSG00000172428	11	1	1
ENSG00000184857	11	1	1
ENSG00000163631	13	0	0
ENSG00000079557	12	0	1
ENSG00000081051	12	1	0
ENSG00000136243	13	0	0
ENSG00000164237	12	1	0
ENSG00000111731	11	1	1
ENSG00000167323	13	0	0
ENSG00000256525	11	0	2
ENSG00000188315	11	0	2
ENSG00000180483	4	0	9
ENSG00000157778	12	1	0
ENSG00000262481	13	0	0
ENSG00000205544	13	0	0
ENSG00000106268	13	0	0
ENSG00000172409	12	0	1
ENSG00000144228	13	0	0
ENSG00000151893	13	0	0
ENSG00000177425	12	0	1
ENSG00000164047	9	4	0
ENSG00000100129	13	0	0
ENSG00000154040	12	1	0
ENSG00000136478	13	0	0
ENSG00000104320	11	2	0
ENSG00000160325	12	0	1
ENSG00000122203	13	0	0
ENSG00000179564	10	0	3
ENSG00000111206	12	0	1
ENSG00000162236	12	1	0
ENSG00000165643	12	0	1
ENSG00000164180	12	1	0
ENSG00000105519	10	0	3
ENSG00000188092	12	0	1
ENSG00000173261	13	0	0
ENSG00000107949	11	2	0
ENSG00000168675	13	0	0
ENSG00000197114	13	0	0
ENSG00000273154	13	0	0
ENSG00000154589	13	0	0
ENSG00000174038	10	0	3
ENSG00000101624	13	0	0
ENSG00000188100	13	0	0
ENSG00000235568	12	0	1
ENSG00000173862	1	0	12
ENSG00000148672	10	3	0
ENSG00000164970	12	0	1
ENSG00000134882	13	0	0
ENSG00000058056	12	1	0
ENSG00000136244	11	2	0
ENSG00000106554	10	2	1
ENSG00000125968	12	0	1
ENSG00000134759	13	0	0
ENSG00000164972	13	0	0
ENSG00000122481	13	0	0
ENSG00000125386	12	0	1
ENSG00000243477	8	0	5
ENSG00000153832	13	0	0
ENSG00000165684	11	0	2
ENSG00000163607	13	0	0
ENSG00000088812	13	0	0
ENSG00000165659	12	1	0
ENSG00000025156	12	1	0
ENSG00000162878	13	0	0
ENSG00000167325	13	0	0
ENSG00000198856	11	2	0
ENSG00000168913	11	0	2
ENSG00000114388	13	0	0
ENSG00000131558	10	2	1
ENSG00000106355	12	1	0
ENSG00000112787	13	0	0
ENSG00000006712	12	1	0
ENSG00000084652	12	0	1
ENSG00000085721	12	1	0
ENSG00000215545	8	0	5
ENSG00000145029	13	0	0
ENSG00000205022	7	2	4
ENSG00000162384	12	1	0
ENSG00000188800	10	0	3
ENSG00000136297	10	0	3
ENSG00000012223	13	0	0
ENSG00000164023	13	0	0
ENSG00000198964	13	0	0
ENSG00000149089	13	0	0
ENSG00000176571	9	1	3
ENSG00000084092	11	1	1
ENSG00000169550	13	0	0
ENSG00000128585	13	0	0
ENSG00000164051	13	0	0
ENSG00000162039	12	1	0
ENSG00000169919	12	1	0
ENSG00000156603	13	0	0
ENSG00000151360	13	0	0
ENSG00000205707	12	0	1
ENSG00000183657	1	0	12
ENSG00000165795	13	0	0
ENSG00000136816	13	0	0
ENSG00000136827	13	0	0
ENSG00000204922	12	0	1
ENSG00000269858	13	0	0
ENSG00000067533	10	3	0
ENSG00000224383	7	0	6
ENSG00000163617	12	1	0
ENSG00000084073	12	1	0
ENSG00000164327	13	0	0
ENSG00000159763	11	0	2
ENSG00000196715	10	0	3
ENSG00000255439	12	1	0
ENSG00000167397	12	1	0
ENSG00000099385	12	0	1
ENSG00000236980	9	0	4
ENSG00000147614	12	1	0
ENSG00000087266	13	0	0
ENSG00000106477	12	1	0
ENSG00000164638	11	1	1
ENSG00000161180	13	0	0
ENSG00000132952	13	0	0
ENSG00000101654	11	2	0
ENSG00000196990	12	1	0
ENSG00000198523	13	0	0
ENSG00000131055	12	0	1
ENSG00000164978	11	2	0
ENSG00000171853	13	0	0
ENSG00000126062	11	1	1
ENSG00000118162	13	0	0
ENSG00000120337	13	0	0
ENSG00000164967	11	2	0
ENSG00000161179	12	0	1
ENSG00000172339	13	0	0
ENSG00000168216	13	0	0
ENSG00000255432	7	0	6
ENSG00000174917	11	1	1
ENSG00000105612	13	0	0
ENSG00000137976	13	0	0
ENSG00000170873	13	0	0
ENSG00000170476	11	1	1
ENSG00000178826	13	0	0
ENSG00000116212	13	0	0
ENSG00000008952	12	1	0
ENSG00000106028	12	1	0
ENSG00000188385	13	0	0
ENSG00000176049	13	0	0
ENSG00000136522	11	2	0
ENSG00000175073	12	1	0
ENSG00000150540	12	1	0
ENSG00000122733	13	0	0
ENSG00000103549	13	0	0
ENSG00000187838	13	0	0
ENSG00000182831	13	0	0
ENSG00000140650	13	0	0
ENSG00000159267	13	0	0
ENSG00000153113	13	0	0
ENSG00000265118	12	0	1
ENSG00000126860	12	0	1
ENSG00000204991	13	0	0
ENSG00000134278	12	0	1
ENSG00000134809	11	1	1
ENSG00000205208	13	0	0
ENSG00000122376	12	0	1
ENSG00000150459	11	2	0
ENSG00000162385	12	0	1
ENSG00000064787	13	0	0
ENSG00000122435	13	0	0
ENSG00000171792	13	0	0
ENSG00000153989	12	1	0
ENSG00000058729	13	0	0
ENSG00000105954	12	0	1
ENSG00000007545	13	0	0
ENSG00000261732	0	0	13
ENSG00000068028	13	0	0
ENSG00000136653	12	0	1
ENSG00000048162	11	2	0
ENSG00000128059	12	1	0
ENSG00000153283	11	1	1
ENSG00000120963	12	1	0
ENSG00000171865	13	0	0
ENSG00000255767	13	0	0
ENSG00000206530	12	1	0
ENSG00000187678	12	0	1
ENSG00000109220	13	0	0
ENSG00000167641	12	0	1
ENSG00000158467	13	0	0
ENSG00000137101	13	0	0
ENSG00000165782	12	1	0
ENSG00000089009	3	10	0
ENSG00000197457	11	1	1
ENSG00000088854	12	1	0
ENSG00000232112	13	0	0
ENSG00000163584	8	5	0
ENSG00000163577	11	1	1
ENSG00000132507	10	2	1
ENSG00000213593	9	1	3
ENSG00000254462	1	0	12
ENSG00000136754	12	1	0
ENSG00000101276	13	0	0
ENSG00000175806	13	0	0
ENSG00000161243	10	3	0
ENSG00000269190	11	0	2
ENSG00000188505	13	0	0
ENSG00000164306	12	1	0
ENSG00000117528	12	1	0
ENSG00000140320	12	0	1
ENSG00000183470	4	0	9
ENSG00000157510	13	0	0
ENSG00000132522	12	1	0
ENSG00000211450	6	0	7
ENSG00000173905	13	0	0
ENSG00000130363	12	1	0
ENSG00000198498	11	2	0
ENSG00000101266	12	1	0
ENSG00000111726	13	0	0
ENSG00000155097	13	0	0
ENSG00000135870	12	0	1
ENSG00000179058	11	1	1
ENSG00000101782	12	0	1
ENSG00000138780	12	1	0
ENSG00000146350	13	0	0
ENSG00000145022	12	0	1
ENSG00000005059	12	0	1
ENSG00000101200	11	0	2
ENSG00000101405	12	0	1
ENSG00000129355	11	0	2
ENSG00000187942	8	0	5
ENSG00000162817	11	0	2
ENSG00000145040	8	0	5
ENSG00000149313	12	1	0
ENSG00000137103	13	0	0
ENSG00000187616	11	0	2
ENSG00000111875	13	0	0
ENSG00000145414	13	0	0
ENSG00000181552	6	5	2
ENSG00000181562	6	5	2
ENSG00000118307	11	0	2
ENSG00000196533	10	0	3
ENSG00000247077	12	1	0
ENSG00000016490	13	0	0
ENSG00000016602	10	3	0
ENSG00000137975	13	0	0
ENSG00000162377	11	1	1
ENSG00000186591	10	2	1
ENSG00000163530	7	4	2
ENSG00000121570	5	8	0
ENSG00000161860	12	1	0
ENSG00000256061	11	1	1
ENSG00000122042	12	1	0
ENSG00000134987	13	0	0
ENSG00000166840	6	6	1
ENSG00000156689	7	4	2
ENSG00000149124	11	2	0
ENSG00000172456	11	1	1
ENSG00000181585	12	0	1
ENSG00000174748	12	1	0
ENSG00000196550	12	1	0
ENSG00000163479	13	0	0
ENSG00000170962	13	0	0
ENSG00000138785	12	1	0
ENSG00000151005	10	0	3
ENSG00000124171	13	0	0
ENSG00000134851	12	1	0
ENSG00000103671	12	1	0
ENSG00000168389	13	0	0
ENSG00000183396	12	0	1
ENSG00000258890	13	0	0
ENSG00000196470	11	1	1
ENSG00000135845	10	2	1
ENSG00000183291	9	0	4
ENSG00000105849	12	1	0
ENSG00000141002	12	1	0
ENSG00000164645	13	0	0
ENSG00000106341	13	0	0
ENSG00000164284	12	1	0
ENSG00000129347	13	0	0
ENSG00000106609	13	0	0
ENSG00000164818	10	1	2
ENSG00000160803	13	0	0
ENSG00000160392	13	0	0
ENSG00000118873	13	0	0
ENSG00000147684	13	0	0
ENSG00000105402	13	0	0
ENSG00000125656	13	0	0
ENSG00000145721	12	1	0
ENSG00000123607	12	1	0
ENSG00000168026	13	0	0
ENSG00000006453	13	0	0
ENSG00000125531	11	0	2
ENSG00000169902	13	0	0
ENSG00000106012	13	0	0
ENSG00000162437	13	0	0
ENSG00000161847	13	0	0
ENSG00000267303	0	0	13
ENSG00000183665	11	1	1
ENSG00000091732	12	1	0
ENSG00000175110	11	2	0
ENSG00000134240	13	0	0
ENSG00000008226	13	0	0
ENSG00000116586	13	0	0
ENSG00000165792	13	0	0
ENSG00000107185	13	0	0
ENSG00000118564	13	0	0
ENSG00000132275	13	0	0
ENSG00000163611	13	0	0
ENSG00000160844	11	2	0
ENSG00000147604	5	7	1
ENSG00000110442	12	1	0
ENSG00000242173	10	0	3
ENSG00000132938	12	0	1
ENSG00000114446	13	0	0
ENSG00000156475	13	0	0
ENSG00000175470	10	1	2
ENSG00000204978	11	1	1
ENSG00000140400	11	1	1
ENSG00000174529	11	1	1
ENSG00000213088	12	0	1
ENSG00000179115	12	0	1
ENSG00000177938	13	0	0
ENSG00000167632	11	1	1
ENSG00000197885	13	0	0
ENSG00000213625	12	0	1
ENSG00000176753	3	0	10
ENSG00000154240	10	3	0
ENSG00000266076	0	0	13
ENSG00000133773	13	0	0
ENSG00000133111	12	1	0
ENSG00000102763	12	1	0
ENSG00000108100	13	0	0
ENSG00000164823	13	0	0
ENSG00000164077	13	0	0
ENSG00000137947	12	0	1
ENSG00000101132	11	2	0
ENSG00000100726	13	0	0
ENSG00000092199	3	10	0
ENSG00000137270	13	0	0
ENSG00000148331	12	0	1
ENSG00000106459	13	0	0
ENSG00000269071	12	0	1
ENSG00000179632	11	0	2
ENSG00000156876	12	1	0
ENSG00000136485	13	0	0
ENSG00000155011	13	0	0
ENSG00000162600	12	0	1
ENSG00000077312	11	2	0
ENSG00000188277	11	0	2
ENSG00000165879	7	1	5
ENSG00000181274	7	0	6
ENSG00000164049	10	1	2
ENSG00000221829	12	1	0
ENSG00000148814	13	0	0
ENSG00000187650	12	0	1
ENSG00000267314	12	0	1
ENSG00000169375	13	0	0
ENSG00000196335	13	0	0
ENSG00000069329	13	0	0
ENSG00000158234	12	1	0
ENSG00000091651	13	0	0
ENSG00000172301	13	0	0
ENSG00000143001	11	0	2
ENSG00000187535	12	1	0
ENSG00000152464	12	1	0
ENSG00000162231	13	0	0
ENSG00000063322	11	2	0
ENSG00000254772	12	1	0
ENSG00000178921	13	0	0
ENSG00000176971	13	0	0
ENSG00000133069	13	0	0
ENSG00000163608	13	0	0
ENSG00000206053	10	3	0
ENSG00000006555	13	0	0
ENSG00000172766	11	2	0
ENSG00000066382	13	0	0
ENSG00000117155	13	0	0
ENSG00000183763	13	0	0
ENSG00000196776	11	2	0
ENSG00000176697	13	0	0
ENSG00000118804	13	0	0
ENSG00000184814	2	10	1
ENSG00000233701	2	10	1
ENSG00000206260	2	10	1
ENSG00000133393	12	0	1
ENSG00000180694	12	0	1
ENSG00000170469	12	1	0
ENSG00000167526	8	5	0
ENSG00000214274	5	4	4
ENSG00000129538	10	3	0
ENSG00000169413	12	1	0
ENSG00000258818	12	0	1
ENSG00000169385	7	3	3
ENSG00000169397	7	3	3
ENSG00000184163	11	0	2
ENSG00000187741	13	0	0
ENSG00000090487	10	3	0
ENSG00000082269	13	0	0
ENSG00000188846	9	3	1
ENSG00000114383	13	0	0
ENSG00000141449	11	2	0
ENSG00000196208	12	1	0
ENSG00000157214	12	1	0
ENSG00000164647	12	1	0
ENSG00000105889	12	1	0
ENSG00000165661	10	1	2
ENSG00000099821	11	0	2
ENSG00000246922	8	0	5
ENSG00000163069	13	0	0
ENSG00000126524	11	1	1
ENSG00000138615	12	0	1
ENSG00000130590	9	0	4
ENSG00000173141	8	2	3
ENSG00000150873	11	0	2
ENSG00000182551	12	1	0
ENSG00000213221	10	0	3
ENSG00000116209	13	0	0
ENSG00000203910	12	0	1
ENSG00000109475	10	3	0
ENSG00000164764	13	0	0
ENSG00000141446	13	0	0
ENSG00000116133	13	0	0
ENSG00000241685	11	1	1
ENSG00000130429	13	0	0
ENSG00000075651	13	0	0
ENSG00000100027	12	0	1
ENSG00000166793	12	0	1
ENSG00000148335	12	0	1
ENSG00000185085	13	0	0
ENSG00000174059	12	1	0
ENSG00000173402	13	0	0
ENSG00000174136	12	1	0
ENSG00000140319	11	2	0
ENSG00000162399	13	0	0
ENSG00000203985	12	1	0
ENSG00000148343	13	0	0
ENSG00000205423	12	0	1
ENSG00000184584	13	0	0
ENSG00000137473	13	0	0
ENSG00000197905	12	1	0
ENSG00000162598	13	0	0
ENSG00000166349	13	0	0
ENSG00000166340	13	0	0
ENSG00000114745	13	0	0
ENSG00000162551	13	0	0
ENSG00000101220	12	0	1
ENSG00000180357	13	0	0
ENSG00000155629	13	0	0
ENSG00000123739	11	0	2
ENSG00000073921	12	1	0
ENSG00000183831	12	0	1
ENSG00000085514	7	6	0
ENSG00000121716	7	6	0
ENSG00000163743	13	0	0
ENSG00000214212	13	0	0
ENSG00000215883	7	4	2
ENSG00000256407	2	4	7
ENSG00000188725	11	2	0
ENSG00000147669	11	2	0
ENSG00000130755	12	0	1
ENSG00000138483	10	0	3
ENSG00000168002	13	0	0
ENSG00000137936	13	0	0
ENSG00000165669	12	1	0
ENSG00000168884	13	0	0
ENSG00000143294	12	1	0
ENSG00000048544	12	1	0
ENSG00000121579	12	1	0
ENSG00000141452	12	1	0
ENSG00000198754	1	6	6
ENSG00000185862	13	0	0
ENSG00000154079	12	1	0
ENSG00000110169	13	0	0
ENSG00000170291	11	2	0
ENSG00000006047	11	2	0
ENSG00000091542	13	0	0
ENSG00000157538	13	0	0
ENSG00000153904	13	0	0
ENSG00000166337	12	1	0
ENSG00000052795	10	2	1
ENSG00000178722	3	0	10
ENSG00000172115	3	10	0
ENSG00000178982	13	0	0
ENSG00000071127	12	0	1
ENSG00000167645	13	0	0
ENSG00000175768	5	1	7
ENSG00000256966	2	1	10
ENSG00000180304	13	0	0
ENSG00000175664	13	0	0
ENSG00000138614	13	0	0
ENSG00000155330	12	1	0
ENSG00000060982	12	0	1
ENSG00000176566	10	3	0
ENSG00000181656	8	0	5
ENSG00000138801	10	2	1
ENSG00000160917	11	2	0
ENSG00000143353	13	0	0
ENSG00000219200	10	1	2
ENSG00000156787	12	1	0
ENSG00000168234	13	0	0
ENSG00000136819	12	1	0
ENSG00000112245	9	4	0
ENSG00000184007	13	0	0
ENSG00000131591	11	0	2
ENSG00000105223	13	0	0
ENSG00000154124	13	0	0
ENSG00000145569	13	0	0
ENSG00000213265	12	0	1
ENSG00000088325	11	2	0
ENSG00000188690	13	0	0
ENSG00000171695	10	0	3
ENSG00000161016	12	1	0
ENSG00000151611	13	0	0
ENSG00000106003	13	0	0
ENSG00000142046	9	0	4
ENSG00000101463	13	0	0
ENSG00000177606	12	0	1
ENSG00000111906	13	0	0
ENSG00000221883	3	0	10
ENSG00000138795	13	0	0
ENSG00000136521	11	2	0
ENSG00000180667	13	0	0
ENSG00000168646	13	0	0
ENSG00000130559	13	0	0
ENSG00000130948	13	0	0
ENSG00000072858	13	0	0
ENSG00000131808	9	4	0
ENSG00000058799	12	0	1
ENSG00000128050	10	3	0
ENSG00000136295	12	0	1
ENSG00000177084	10	2	1
ENSG00000004838	13	0	0
ENSG00000128346	12	1	0
ENSG00000079335	13	0	0
ENSG00000158716	13	0	0
ENSG00000081377	12	0	1
ENSG00000105778	13	0	0
ENSG00000143061	12	1	0
ENSG00000144848	11	2	0
ENSG00000063978	12	1	0
ENSG00000198301	13	0	0
ENSG00000164323	12	1	0
ENSG00000128944	12	0	1
ENSG00000120686	12	0	1
ENSG00000186198	13	0	0
ENSG00000122705	12	0	1
ENSG00000175416	12	0	1
ENSG00000170571	13	0	0
ENSG00000261857	11	1	1
ENSG00000268975	11	1	1
ENSG00000134864	12	0	1
ENSG00000117543	13	0	0
ENSG00000172171	13	0	0
ENSG00000183615	13	0	0
ENSG00000222018	12	0	1
ENSG00000146066	9	3	1
ENSG00000144468	13	0	0
ENSG00000171503	13	0	0
ENSG00000122585	12	1	0
ENSG00000178913	12	0	1
ENSG00000093217	13	0	0
ENSG00000205129	13	0	0
ENSG00000008283	12	0	1
ENSG00000162735	10	3	0
ENSG00000070610	13	0	0
ENSG00000124216	12	0	1
ENSG00000172530	13	0	0
ENSG00000164961	12	0	1
ENSG00000162062	12	0	1
ENSG00000169612	10	2	1
ENSG00000184178	11	2	0
ENSG00000145882	13	0	0
ENSG00000175857	12	0	1
ENSG00000162814	12	0	1
ENSG00000122591	12	0	1
ENSG00000138757	12	1	0
ENSG00000171804	12	1	0
ENSG00000259305	12	0	1
ENSG00000189376	12	0	1
ENSG00000101282	13	0	0
ENSG00000178776	12	0	1
ENSG00000119383	12	0	1
ENSG00000151729	11	2	0
ENSG00000178971	13	0	0
ENSG00000155096	13	0	0
ENSG00000178602	10	1	2
ENSG00000168000	12	0	1
ENSG00000185453	12	0	1
ENSG00000241644	11	2	0
ENSG00000254959	11	2	0
ENSG00000102760	13	0	0
ENSG00000154582	12	1	0
ENSG00000163832	13	0	0
ENSG00000104549	13	0	0
ENSG00000179698	10	2	1
ENSG00000112096	12	1	0
ENSG00000112096	12	1	0
ENSG00000120662	13	0	0
ENSG00000214367	11	2	0
ENSG00000001084	13	0	0
ENSG00000120519	11	2	0
ENSG00000130255	9	3	1
ENSG00000148344	13	0	0
ENSG00000107371	13	0	0
ENSG00000179262	12	1	0
ENSG00000147955	12	1	0
ENSG00000133706	10	3	0
ENSG00000170516	8	2	3
ENSG00000154122	12	1	0
ENSG00000169193	13	0	0
ENSG00000179409	11	0	2
ENSG00000182223	11	1	1
ENSG00000189167	7	2	4
ENSG00000167513	12	1	0
ENSG00000167699	13	0	0
ENSG00000178691	13	0	0
ENSG00000188493	13	0	0
ENSG00000173421	13	0	0
ENSG00000169609	8	4	1
ENSG00000267740	12	0	1
ENSG00000174886	12	0	1
ENSG00000179091	11	1	1
ENSG00000268858	1	0	12
ENSG00000175018	13	0	0
ENSG00000162738	13	0	0
ENSG00000134548	10	0	3
ENSG00000155393	12	0	1
ENSG00000145777	9	0	4
ENSG00000175097	12	0	1
ENSG00000136261	13	0	0
ENSG00000130449	13	0	0
ENSG00000168569	12	1	0
ENSG00000162688	12	1	0
ENSG00000162066	13	0	0
ENSG00000259784	13	0	0
ENSG00000081870	13	0	0
ENSG00000268788	2	0	11
ENSG00000122741	13	0	0
ENSG00000117525	13	0	0
ENSG00000181847	12	1	0
ENSG00000213689	11	0	2
ENSG00000145491	13	0	0
ENSG00000164123	12	0	1
ENSG00000205808	10	0	3
ENSG00000188112	12	0	1
ENSG00000136463	12	1	0
ENSG00000164053	12	1	0
ENSG00000130748	13	0	0
ENSG00000137449	13	0	0
ENSG00000260836	12	1	0
ENSG00000214575	12	1	0
ENSG00000117151	13	0	0
ENSG00000170296	11	1	1
ENSG00000122643	12	0	1
ENSG00000130545	11	0	2
ENSG00000162882	10	0	3
ENSG00000105193	13	0	0
ENSG00000150676	13	0	0
ENSG00000105372	11	2	0
ENSG00000052749	13	0	0
ENSG00000167130	13	0	0
ENSG00000104327	13	0	0
ENSG00000177427	11	1	1
ENSG00000166352	13	0	0
ENSG00000130147	12	0	1
ENSG00000183742	13	0	0
ENSG00000145868	13	0	0
ENSG00000164062	12	1	0
ENSG00000125843	13	0	0
ENSG00000187398	12	1	0
ENSG00000128524	8	3	2
ENSG00000088356	12	1	0
ENSG00000174780	12	0	1
ENSG00000163563	9	4	0
ENSG00000163568	7	0	6
ENSG00000163565	4	7	2
ENSG00000163564	4	7	2
ENSG00000048392	13	0	0
ENSG00000163749	13	0	0
ENSG00000214706	12	0	1
ENSG00000129636	13	0	0
ENSG00000141428	12	1	0
ENSG00000160055	12	1	0
ENSG00000258539	5	0	8
ENSG00000203791	6	0	7
ENSG00000271605	10	0	3
ENSG00000116198	13	0	0
ENSG00000170085	13	0	0
ENSG00000176171	12	0	1
ENSG00000105401	13	0	0
ENSG00000106993	13	0	0
ENSG00000178814	11	1	1
ENSG00000129993	13	0	0
ENSG00000079102	13	0	0
ENSG00000109771	13	0	0
ENSG00000094975	12	1	0
ENSG00000197093	12	0	1
ENSG00000177494	10	0	3
ENSG00000163071	13	0	0
ENSG00000197889	12	1	0
ENSG00000004975	13	0	0
ENSG00000136636	11	2	0
ENSG00000160410	11	1	1
ENSG00000138750	11	2	0
ENSG00000146166	13	0	0
ENSG00000126003	11	2	0
ENSG00000197858	12	1	0
ENSG00000084628	13	0	0
ENSG00000139131	11	2	0
ENSG00000179271	11	0	2
ENSG00000164162	12	1	0
ENSG00000171109	12	0	1
ENSG00000185808	11	2	0
ENSG00000110318	13	0	0
ENSG00000133106	12	0	1
ENSG00000108961	12	1	0
ENSG00000164929	11	1	1
ENSG00000120334	13	0	0
ENSG00000150667	13	0	0
ENSG00000146457	11	1	1
ENSG00000170011	13	0	0
ENSG00000188655	12	1	0
ENSG00000120688	12	0	1
ENSG00000156831	11	0	2
ENSG00000146842	12	1	0
ENSG00000108588	13	0	0
ENSG00000125695	0	0	13
ENSG00000126522	12	1	0
ENSG00000249319	12	1	0
ENSG00000166997	12	0	1
ENSG00000138617	13	0	0
ENSG00000066923	13	0	0
ENSG00000176390	13	0	0
ENSG00000196422	12	0	1
ENSG00000171863	7	6	0
ENSG00000114735	13	0	0
ENSG00000099338	11	2	0
ENSG00000241258	12	0	1
ENSG00000130958	12	1	0
ENSG00000214732	9	0	4
ENSG00000112146	12	0	1
ENSG00000106245	11	2	0
ENSG00000153391	13	0	0
ENSG00000267140	13	0	0
ENSG00000182393	6	3	4
ENSG00000183709	3	9	1
ENSG00000197110	3	9	1
ENSG00000132622	12	1	0
ENSG00000259803	6	0	7
ENSG00000176095	13	0	0
ENSG00000068745	12	0	1
ENSG00000116205	13	0	0
ENSG00000169598	13	0	0
ENSG00000092201	12	1	0
ENSG00000163606	0	13	0
ENSG00000206531	0	13	0
ENSG00000111711	12	0	1
ENSG00000143314	13	0	0
ENSG00000169116	13	0	0
ENSG00000167523	10	0	3
ENSG00000166152	13	0	0
ENSG00000178467	13	0	0
ENSG00000179813	13	0	0
ENSG00000114529	13	0	0
ENSG00000125652	13	0	0
ENSG00000058804	13	0	0
ENSG00000243927	12	1	0
ENSG00000178149	12	0	1
ENSG00000162736	13	0	0
ENSG00000164649	12	1	0
ENSG00000130560	10	1	2
ENSG00000155307	13	0	0
ENSG00000099341	12	1	0
ENSG00000258315	12	0	1
ENSG00000161939	12	0	1
ENSG00000136197	13	0	0
ENSG00000146826	11	1	1
ENSG00000169519	13	0	0
ENSG00000150756	11	1	1
ENSG00000197971	12	1	0
ENSG00000128891	13	0	0
ENSG00000107938	13	0	0
ENSG00000090013	13	0	0
ENSG00000163923	8	3	2
ENSG00000188993	13	0	0
ENSG00000179029	10	0	3
ENSG00000196683	11	0	2
ENSG00000179751	10	1	2
ENSG00000121350	12	0	1
ENSG00000165490	13	0	0
ENSG00000125875	13	0	0
ENSG00000182463	13	0	0
ENSG00000179636	13	0	0
ENSG00000106591	9	4	0
ENSG00000156928	12	0	1
ENSG00000168028	2	11	0
ENSG00000075399	13	0	0
ENSG00000164163	12	1	0
ENSG00000078900	12	1	0
ENSG00000184349	13	0	0
ENSG00000133316	12	0	1
ENSG00000117586	12	1	0
ENSG00000141252	11	2	0
ENSG00000107338	13	0	0
ENSG00000164002	12	1	0
ENSG00000043514	13	0	0
ENSG00000180999	8	1	4
ENSG00000153790	12	0	1
ENSG00000132676	12	1	0
ENSG00000261115	1	10	2
ENSG00000175938	13	0	0
ENSG00000125877	13	0	0
ENSG00000159784	13	0	0
ENSG00000082068	13	0	0
ENSG00000162398	13	0	0
ENSG00000032742	12	1	0
ENSG00000162888	2	0	11
ENSG00000183760	13	0	0
ENSG00000142039	11	1	1
ENSG00000178662	13	0	0
ENSG00000144655	13	0	0
ENSG00000151725	11	1	1
ENSG00000140365	10	2	1
ENSG00000152463	8	2	3
ENSG00000173890	13	0	0
ENSG00000131634	13	0	0
ENSG00000173452	13	0	0
ENSG00000248919	13	0	0
ENSG00000106246	13	0	0
ENSG00000101346	12	0	1
ENSG00000060069	11	1	1
ENSG00000196376	13	0	0
ENSG00000120333	9	4	0
ENSG00000178607	13	0	0
ENSG00000170482	13	0	0
ENSG00000198276	12	0	1
ENSG00000130717	13	0	0
ENSG00000213672	13	0	0
ENSG00000164880	10	2	1
ENSG00000080608	10	3	0
ENSG00000176542	13	0	0
ENSG00000062650	13	0	0
ENSG00000186007	12	0	1
ENSG00000114784	11	2	0
ENSG00000188611	12	1	0
ENSG00000206150	11	0	2
ENSG00000164209	13	0	0
ENSG00000179134	12	1	0
ENSG00000165120	12	1	0
ENSG00000144227	13	0	0
ENSG00000100101	11	1	1
ENSG00000111907	13	0	0
ENSG00000101150	9	2	2
ENSG00000171121	13	0	0
ENSG00000197584	13	0	0
ENSG00000196511	13	0	0
ENSG00000162222	12	1	0
ENSG00000174521	11	0	2
ENSG00000186329	11	0	2
ENSG00000182183	11	0	2
ENSG00000179071	11	1	1
ENSG00000188186	13	0	0
ENSG00000269871	3	0	10
ENSG00000212123	11	0	2
ENSG00000130414	13	0	0
ENSG00000173267	12	1	0
ENSG00000152242	12	0	1
ENSG00000101331	10	2	1
ENSG00000149489	13	0	0
ENSG00000214309	9	0	4
ENSG00000137100	13	0	0
ENSG00000163374	6	7	0
ENSG00000116580	6	7	0
ENSG00000139797	4	1	8
ENSG00000158623	13	0	0
ENSG00000150456	11	1	1
ENSG00000137500	12	1	0
ENSG00000163818	11	2	0
ENSG00000087274	13	0	0
ENSG00000116161	12	1	0
ENSG00000137078	12	0	1
ENSG00000166448	12	0	1
ENSG00000108651	13	0	0
ENSG00000198912	13	0	0
ENSG00000134986	13	0	0
ENSG00000111885	13	0	0
ENSG00000113569	12	1	0
ENSG00000235173	12	1	0
ENSG00000137504	12	0	1
ENSG00000059691	12	1	0
ENSG00000140398	11	1	1
ENSG00000182179	13	0	0
ENSG00000127804	10	3	0
ENSG00000176915	11	1	1
ENSG00000179431	11	0	2
ENSG00000184967	12	0	1
ENSG00000133065	13	0	0
ENSG00000106524	12	1	0
ENSG00000170959	11	0	2
ENSG00000180440	13	0	0
ENSG00000120694	13	0	0
ENSG00000106105	13	0	0
ENSG00000138768	13	0	0
ENSG00000183260	12	0	1
ENSG00000055732	12	1	0
ENSG00000153898	12	0	1
ENSG00000171476	12	0	1
ENSG00000169062	12	1	0
ENSG00000125246	13	0	0
ENSG00000198171	13	0	0
ENSG00000144677	11	1	1
ENSG00000160051	12	1	0
ENSG00000117174	13	0	0
ENSG00000159921	12	0	1
ENSG00000198931	11	1	1
ENSG00000105373	11	1	1
ENSG00000120727	12	1	0
ENSG00000120675	13	0	0
ENSG00000171861	13	0	0
ENSG00000205133	9	0	4
ENSG00000197183	11	2	0
ENSG00000122140	11	0	2
ENSG00000186265	11	0	2
ENSG00000090470	12	0	1
ENSG00000162642	12	1	0
ENSG00000086544	13	0	0
ENSG00000148671	7	1	5
ENSG00000087269	13	0	0
ENSG00000106009	12	0	1
ENSG00000154059	12	1	0
ENSG00000181027	11	0	2
ENSG00000242802	12	0	1
ENSG00000166855	13	0	0
ENSG00000149541	13	0	0
ENSG00000072310	12	0	1
ENSG00000196118	13	0	0
ENSG00000143315	12	1	0
ENSG00000144827	13	0	0
ENSG00000116981	13	0	0
ENSG00000171703	11	0	2
ENSG00000213413	9	0	4
ENSG00000164983	12	0	1
ENSG00000108604	13	0	0
ENSG00000103707	13	0	0
ENSG00000152465	13	0	0
ENSG00000103942	13	0	0
ENSG00000109171	13	0	0
ENSG00000183977	13	0	0
ENSG00000182795	12	0	1
ENSG00000104081	12	0	1
ENSG00000218823	5	0	8
ENSG00000131236	13	0	0
ENSG00000196367	13	0	0
ENSG00000122484	12	1	0
ENSG00000137054	13	0	0
ENSG00000163576	13	0	0
ENSG00000153498	6	0	7
ENSG00000121691	12	1	0
ENSG00000169019	13	0	0
ENSG00000066651	13	0	0
ENSG00000182896	9	1	3
ENSG00000173473	11	2	0
ENSG00000184292	10	0	3
ENSG00000169064	13	0	0
ENSG00000127540	9	3	1
ENSG00000267059	9	3	1
ENSG00000178057	13	0	0
ENSG00000103363	9	3	1
ENSG00000107959	12	0	1
ENSG00000128789	9	4	0
ENSG00000183011	13	0	0
ENSG00000145425	9	4	0
ENSG00000174842	12	1	0
ENSG00000102802	13	0	0
ENSG00000106244	13	0	0
ENSG00000122707	13	0	0
ENSG00000176194	10	2	1
ENSG00000159884	13	0	0
ENSG00000111713	12	0	1
ENSG00000175606	12	0	1
ENSG00000181588	9	0	4
ENSG00000254726	13	0	0
ENSG00000116882	13	0	0
ENSG00000101224	13	0	0
ENSG00000164045	13	0	0
ENSG00000114268	12	1	0
ENSG00000123836	13	0	0
ENSG00000165131	12	0	1
ENSG00000167210	12	1	0
ENSG00000172795	12	1	0
ENSG00000158715	13	0	0
ENSG00000022567	13	0	0
ENSG00000121775	12	0	1
ENSG00000003249	13	0	0
ENSG00000105323	12	0	1
ENSG00000214753	13	0	0
ENSG00000234857	13	0	0
ENSG00000122694	10	3	0
ENSG00000125779	13	0	0
ENSG00000141425	13	0	0
ENSG00000204007	12	1	0
ENSG00000159200	12	1	0
ENSG00000115944	10	3	0
ENSG00000121274	12	0	1
ENSG00000125520	10	0	3
ENSG00000170448	13	0	0
ENSG00000134508	13	0	0
ENSG00000128578	13	0	0
ENSG00000070371	6	0	7
ENSG00000072609	13	0	0
ENSG00000189157	13	0	0
ENSG00000272414	13	0	0
ENSG00000162194	5	0	8
ENSG00000215547	5	0	8
ENSG00000232070	12	0	1
ENSG00000249751	11	0	2
ENSG00000214510	5	0	8
ENSG00000215183	12	0	1
ENSG00000111912	12	1	0
ENSG00000071655	11	0	2
ENSG00000101216	12	0	1
ENSG00000142224	12	0	1
ENSG00000162891	13	0	0
ENSG00000162892	11	1	1
ENSG00000162065	13	0	0
ENSG00000260272	13	0	0
ENSG00000132510	13	0	0
ENSG00000088543	13	0	0
ENSG00000137812	10	2	1
ENSG00000203711	2	0	11
ENSG00000206532	9	0	4
ENSG00000205300	2	0	11
ENSG00000205238	6	7	0
ENSG00000173678	6	7	0
ENSG00000214300	6	7	0
ENSG00000142794	3	8	2
ENSG00000062194	13	0	0
ENSG00000166133	11	1	1
ENSG00000164265	13	0	0
ENSG00000242689	11	0	2
ENSG00000178252	13	0	0
ENSG00000187186	2	1	10
ENSG00000179218	13	0	0
ENSG00000132965	13	0	0
ENSG00000173335	7	6	0
ENSG00000101435	7	6	0
ENSG00000070404	11	0	2
ENSG00000160349	8	5	0
ENSG00000122136	6	3	4
ENSG00000140807	13	0	0
ENSG00000112699	13	0	0
ENSG00000197448	12	1	0
ENSG00000131242	13	0	0
ENSG00000157426	13	0	0
ENSG00000137880	13	0	0
ENSG00000137135	12	0	1
ENSG00000165494	13	0	0
ENSG00000114646	13	0	0
ENSG00000160838	13	0	0
ENSG00000166326	13	0	0
ENSG00000044459	12	1	0
ENSG00000130244	13	0	0
ENSG00000182224	11	2	0
ENSG00000196235	13	0	0
ENSG00000125651	13	0	0
ENSG00000272104	13	0	0
ENSG00000114395	13	0	0
ENSG00000170903	13	0	0
ENSG00000113889	11	2	0
ENSG00000156575	9	4	0
ENSG00000186652	8	0	5
ENSG00000254979	8	0	5
ENSG00000130382	12	0	1
ENSG00000144460	13	0	0
ENSG00000132286	12	1	0
ENSG00000265264	12	1	0
ENSG00000152558	11	0	2
ENSG00000106266	11	1	1
ENSG00000122085	12	0	1
ENSG00000113838	13	0	0
ENSG00000158477	3	8	2
ENSG00000158481	7	0	6
ENSG00000158485	7	4	2
ENSG00000158488	10	1	2
ENSG00000158473	10	2	1
ENSG00000069345	12	1	0
ENSG00000090520	11	2	0
ENSG00000166974	12	1	0
ENSG00000042062	13	0	0
ENSG00000196700	12	0	1
ENSG00000142867	11	2	0
ENSG00000196544	11	0	2
ENSG00000169174	10	0	3
ENSG00000243627	4	0	9
ENSG00000213921	8	0	5
ENSG00000213922	5	0	8
ENSG00000243440	1	0	12
ENSG00000023445	13	0	0
ENSG00000110330	13	0	0
ENSG00000132254	13	0	0
ENSG00000106537	13	0	0
ENSG00000164236	11	2	0
ENSG00000166831	13	0	0
ENSG00000160050	11	0	2
ENSG00000136021	11	2	0
ENSG00000128039	13	0	0
ENSG00000006625	12	1	0
ENSG00000107669	13	0	0
ENSG00000132554	11	1	1
ENSG00000165480	13	0	0
ENSG00000249428	2	0	11
ENSG00000214999	1	0	12
ENSG00000112893	13	0	0
ENSG00000123933	11	0	2
ENSG00000173638	13	0	0
ENSG00000136997	13	0	0
ENSG00000116990	13	0	0
ENSG00000169435	13	0	0
ENSG00000071564	12	0	1
ENSG00000137133	12	1	0
ENSG00000179094	13	0	0
ENSG00000173548	12	1	0
ENSG00000003756	13	0	0
ENSG00000004534	13	0	0
ENSG00000155545	13	0	0
ENSG00000156875	10	3	0
ENSG00000048342	13	0	0
ENSG00000203880	11	1	1
ENSG00000167695	12	1	0
ENSG00000109458	13	0	0
ENSG00000033327	7	1	5
ENSG00000128228	13	0	0
ENSG00000107902	13	0	0
ENSG00000156232	13	0	0
ENSG00000197948	12	0	1
ENSG00000137693	12	1	0
ENSG00000088899	13	0	0
ENSG00000104381	13	0	0
ENSG00000173212	13	0	0
ENSG00000181541	12	0	1
ENSG00000162881	7	0	6
ENSG00000145817	12	1	0
ENSG00000136490	13	0	0
ENSG00000137106	12	0	1
ENSG00000214866	11	1	1
ENSG00000222046	12	0	1
ENSG00000091009	12	1	0
ENSG00000241468	5	7	1
ENSG00000164610	11	2	0
ENSG00000198874	13	0	0
ENSG00000170967	11	0	2
ENSG00000152219	11	1	1
ENSG00000167088	12	1	0
ENSG00000188803	9	3	1
ENSG00000148985	12	0	1
ENSG00000130177	13	0	0
ENSG00000145020	12	1	0
ENSG00000121766	10	3	0
ENSG00000010165	10	3	0
ENSG00000132680	13	0	0
ENSG00000167515	12	0	1
ENSG00000137691	12	1	0
ENSG00000164976	10	0	3
ENSG00000106484	12	1	0
ENSG00000111911	13	0	0
ENSG00000023909	13	0	0
ENSG00000099290	12	1	0
ENSG00000271092	12	0	1
ENSG00000152078	12	0	1
ENSG00000177192	13	0	0
ENSG00000170043	13	0	0
ENSG00000167874	12	1	0
ENSG00000120725	12	1	0
ENSG00000067334	13	0	0
ENSG00000185475	12	0	1
ENSG00000101222	13	0	0
ENSG00000147905	11	2	0
ENSG00000070444	12	0	1
ENSG00000267368	11	0	2
ENSG00000205236	11	0	2
ENSG00000162976	13	0	0
ENSG00000172936	12	1	0
ENSG00000134490	11	1	1
ENSG00000140464	13	0	0
ENSG00000164713	10	0	3
ENSG00000109182	13	0	0
ENSG00000139154	13	0	0
ENSG00000136634	13	0	0
ENSG00000104472	10	1	2
ENSG00000182585	12	0	1
ENSG00000133710	11	1	1
ENSG00000121351	12	0	1
ENSG00000189195	10	0	3
ENSG00000109255	8	1	4
ENSG00000158714	12	0	1
ENSG00000124882	13	0	0
ENSG00000118246	12	1	0
ENSG00000007312	13	0	0
ENSG00000205858	10	2	1
ENSG00000110324	12	1	0
ENSG00000117090	13	0	0
ENSG00000159197	13	0	0
ENSG00000180509	13	0	0
ENSG00000215251	8	0	5
ENSG00000150281	11	0	2
ENSG00000088888	13	0	0
ENSG00000105369	10	1	2
ENSG00000186439	13	0	0
ENSG00000117091	12	0	1
ENSG00000112977	6	0	7
ENSG00000162592	11	0	2
ENSG00000160345	10	0	3
ENSG00000181323	12	0	1
ENSG00000173464	10	0	3
ENSG00000196196	6	0	7
ENSG00000185019	11	0	2
ENSG00000184560	12	0	1
ENSG00000099812	12	0	1
ENSG00000182103	9	0	4
ENSG00000116815	9	1	3
ENSG00000261652	4	0	9
ENSG00000133640	13	0	0
ENSG00000214756	10	0	3
ENSG00000203896	11	0	2
ENSG00000273047	11	0	2
ENSG00000107175	12	0	1
ENSG00000143319	13	0	0
ENSG00000102893	13	0	0
ENSG00000087995	11	1	1
ENSG00000125650	12	0	1
ENSG00000171119	9	0	4
ENSG00000168621	12	0	1
ENSG00000159640	13	0	0
ENSG00000264813	13	0	0
ENSG00000171456	12	0	1
ENSG00000173406	13	0	0
ENSG00000153071	13	0	0
ENSG00000130956	13	0	0
ENSG00000122218	13	0	0
ENSG00000090372	13	0	0
ENSG00000196233	12	0	1
ENSG00000171202	11	2	0
ENSG00000171204	12	1	0
ENSG00000092200	12	1	0
ENSG00000156970	11	2	0
ENSG00000109775	13	0	0
ENSG00000186583	13	0	0
ENSG00000249693	6	0	7
ENSG00000235169	7	0	6
ENSG00000269175	1	0	12
ENSG00000237136	6	0	7
ENSG00000229453	9	0	4
ENSG00000221838	12	0	1
ENSG00000070718	13	0	0
ENSG00000129354	13	0	0
ENSG00000122642	13	0	0
ENSG00000042753	12	1	0
ENSG00000260903	13	0	0
ENSG00000156976	10	3	0
ENSG00000088826	12	0	1
ENSG00000171720	13	0	0
ENSG00000004846	13	0	0
ENSG00000101337	13	0	0
ENSG00000125304	13	0	0
ENSG00000163736	11	1	1
ENSG00000169429	9	4	0
ENSG00000124875	9	4	0
ENSG00000163735	9	4	0
ENSG00000163739	5	7	1
ENSG00000007402	13	0	0
ENSG00000164089	13	0	0
ENSG00000084070	13	0	0
ENSG00000184060	13	0	0
ENSG00000112305	12	1	0
ENSG00000101294	13	0	0
ENSG00000109762	13	0	0
ENSG00000178035	11	2	0
ENSG00000138760	12	1	0
ENSG00000116171	12	1	0
ENSG00000159289	7	6	0
ENSG00000171552	11	2	0
ENSG00000105245	13	0	0
ENSG00000170881	12	1	0
ENSG00000114302	12	0	1
ENSG00000145632	13	0	0
ENSG00000162836	13	0	0
ENSG00000088386	13	0	0
ENSG00000074696	13	0	0
ENSG00000198961	11	2	0
ENSG00000070423	10	2	1
ENSG00000163440	13	0	0
ENSG00000156219	13	0	0
ENSG00000158201	13	0	0
ENSG00000128829	13	0	0
ENSG00000019995	13	0	0
ENSG00000139163	11	0	2
ENSG00000117560	13	0	0
ENSG00000130734	13	0	0
ENSG00000070501	13	0	0
ENSG00000176894	9	0	4
ENSG00000052126	11	1	1
ENSG00000143321	10	2	1
ENSG00000052802	13	0	0
ENSG00000175029	7	6	0
ENSG00000092621	11	2	0
ENSG00000107147	11	0	2
ENSG00000137509	13	0	0
ENSG00000166153	5	0	8
ENSG00000035499	13	0	0
ENSG00000136603	13	0	0
ENSG00000134802	12	0	1
ENSG00000149150	10	0	3
ENSG00000143466	12	1	0
ENSG00000104365	13	0	0
ENSG00000187994	13	0	0
ENSG00000170955	12	0	1
ENSG00000138771	12	1	0
ENSG00000124226	12	1	0
ENSG00000168090	12	0	1
ENSG00000020256	13	0	0
ENSG00000123454	13	0	0
ENSG00000165487	13	0	0
ENSG00000172594	12	1	0
ENSG00000166311	13	0	0
ENSG00000165804	12	0	1
ENSG00000171940	13	0	0
ENSG00000122756	13	0	0
ENSG00000089280	12	0	1
ENSG00000187796	11	0	2
ENSG00000198286	12	0	1
ENSG00000100116	12	1	0
ENSG00000162723	12	0	1
ENSG00000162739	13	0	0
ENSG00000066294	12	0	1
ENSG00000123453	13	0	0
ENSG00000160360	11	0	2
ENSG00000168003	12	1	0
ENSG00000174226	13	0	0
ENSG00000144824	13	0	0
ENSG00000165156	13	0	0
ENSG00000178764	13	0	0
ENSG00000075643	13	0	0
ENSG00000117791	10	1	2
ENSG00000186205	13	0	0
ENSG00000158805	13	0	0
ENSG00000255073	12	1	0
ENSG00000186660	12	1	0
ENSG00000136986	13	0	0
ENSG00000164048	3	1	9
ENSG00000181666	4	1	8
ENSG00000137824	12	1	0
ENSG00000176623	13	0	0
ENSG00000165275	13	0	0
ENSG00000136231	13	0	0
ENSG00000156194	13	0	0
ENSG00000255730	12	1	0
ENSG00000248098	12	1	0
ENSG00000152457	13	0	0
ENSG00000162378	12	1	0
ENSG00000203995	12	0	1
ENSG00000163864	12	1	0
ENSG00000172216	9	1	3
ENSG00000212643	5	8	0
ENSG00000011332	13	0	0
ENSG00000128596	13	0	0
ENSG00000026036	13	0	0
ENSG00000258366	13	0	0
ENSG00000070601	13	0	0
ENSG00000164168	12	1	0
ENSG00000164855	11	0	2
ENSG00000099260	13	0	0
ENSG00000099864	12	0	1
ENSG00000140323	12	1	0
ENSG00000172031	13	0	0
ENSG00000163825	12	0	1
ENSG00000136514	12	0	1
ENSG00000175077	13	0	0
ENSG00000214102	12	0	1
ENSG00000165794	13	0	0
ENSG00000076662	10	3	0
ENSG00000108622	12	1	0
ENSG00000164161	13	0	0
ENSG00000182670	12	1	0
ENSG00000128016	10	1	2
ENSG00000106541	13	0	0
ENSG00000118156	13	0	0
ENSG00000198363	11	1	1
ENSG00000176809	3	10	0
ENSG00000106125	12	0	1
ENSG00000105613	12	1	0
ENSG00000268171	6	2	5
ENSG00000130749	13	0	0
ENSG00000164211	13	0	0
ENSG00000121864	11	2	0
ENSG00000164691	12	1	0
ENSG00000182348	13	0	0
ENSG00000117000	13	0	0
ENSG00000174514	13	0	0
ENSG00000168843	10	3	0
ENSG00000067798	12	1	0
ENSG00000154710	13	0	0
ENSG00000243335	13	0	0
ENSG00000127663	11	1	1
ENSG00000180347	13	0	0
ENSG00000064419	13	0	0
ENSG00000183103	11	1	1
ENSG00000148386	13	0	0
ENSG00000240891	13	0	0
ENSG00000131238	12	1	0
ENSG00000189319	13	0	0
ENSG00000148459	11	2	0
ENSG00000160087	12	0	1
ENSG00000164620	13	0	0
ENSG00000174796	12	0	1
ENSG00000125898	11	0	2
ENSG00000120158	13	0	0
ENSG00000137996	13	0	0
ENSG00000267561	13	0	0
ENSG00000153936	13	0	0
ENSG00000138400	13	0	0
ENSG00000145192	12	0	1
ENSG00000090512	13	0	0
ENSG00000169047	13	0	0
ENSG00000113194	13	0	0
ENSG00000165660	12	1	0
ENSG00000147912	12	1	0
ENSG00000185684	3	2	8
ENSG00000183495	13	0	0
ENSG00000080603	11	2	0
ENSG00000177302	12	0	1
ENSG00000162897	13	0	0
ENSG00000162894	13	0	0
ENSG00000162896	12	1	0
ENSG00000164068	11	1	1
ENSG00000120659	12	1	0
ENSG00000084093	10	3	0
ENSG00000082074	12	0	1
ENSG00000162813	13	0	0
ENSG00000153827	13	0	0
ENSG00000130764	13	0	0
ENSG00000047849	12	1	0
ENSG00000090989	13	0	0
ENSG00000164169	13	0	0
ENSG00000130723	12	1	0
ENSG00000117523	13	0	0
ENSG00000122417	13	0	0
ENSG00000162191	13	0	0
ENSG00000142798	12	1	0
ENSG00000164318	13	0	0
ENSG00000164164	13	0	0
ENSG00000100823	12	1	0
ENSG00000176020	11	0	2
ENSG00000103723	10	3	0
ENSG00000138744	12	0	1
ENSG00000196365	11	1	1
ENSG00000102910	12	1	0
ENSG00000163453	13	0	0
ENSG00000137142	12	0	1
ENSG00000177150	11	2	0
ENSG00000164694	13	0	0
ENSG00000140451	13	0	0
ENSG00000168488	12	1	0
ENSG00000005238	13	0	0
ENSG00000136235	12	0	1
ENSG00000105928	13	0	0
ENSG00000167807	1	0	12
ENSG00000267673	11	0	2
ENSG00000173540	13	0	0
ENSG00000129151	13	0	0
ENSG00000122482	11	2	0
ENSG00000023516	12	1	0
ENSG00000153820	13	0	0
ENSG00000125826	13	0	0
ENSG00000179526	11	1	1
ENSG00000054392	11	0	2
ENSG00000212710	8	5	0
ENSG00000271079	8	5	0
ENSG00000031823	12	1	0
ENSG00000186352	13	0	0
ENSG00000111879	13	0	0
ENSG00000157927	13	0	0
ENSG00000085276	13	0	0
ENSG00000100106	11	2	0
ENSG00000151576	12	1	0
ENSG00000213339	13	0	0
ENSG00000105341	12	1	0
ENSG00000100207	11	1	1
ENSG00000109180	13	0	0
ENSG00000145247	13	0	0
ENSG00000156509	12	0	1
ENSG00000269881	13	0	0
ENSG00000167930	13	0	0
ENSG00000205595	13	0	0
ENSG00000109321	13	0	0
ENSG00000124942	13	0	0
ENSG00000105227	13	0	0
ENSG00000118308	11	1	1
ENSG00000127720	13	0	0
ENSG00000143303	13	0	0
ENSG00000172421	13	0	0
ENSG00000123810	11	0	2
ENSG00000114439	12	1	0
ENSG00000167208	13	0	0
ENSG00000241839	13	0	0
ENSG00000249240	0	1	12
ENSG00000162601	12	1	0
ENSG00000181284	13	0	0
ENSG00000157036	13	0	0
ENSG00000162664	13	0	0
ENSG00000168334	10	2	1
ENSG00000163092	12	0	1
ENSG00000188916	13	0	0
ENSG00000147601	12	1	0
ENSG00000241186	10	2	1
ENSG00000176022	10	0	3
ENSG00000169247	12	1	0
ENSG00000106686	13	0	0
ENSG00000026508	13	0	0
ENSG00000204928	12	1	0
ENSG00000180185	9	0	4
ENSG00000101773	11	2	0
ENSG00000173838	13	0	0
ENSG00000172139	13	0	0
ENSG00000162753	11	0	2
ENSG00000118482	12	0	1
ENSG00000134668	12	0	1
ENSG00000185614	13	0	0
ENSG00000069702	13	0	0
ENSG00000260916	13	0	0
ENSG00000082497	13	0	0
ENSG00000160753	7	0	6
ENSG00000040633	11	1	1
ENSG00000162078	9	3	1
ENSG00000085552	11	1	1
ENSG00000164849	11	0	2
ENSG00000164850	12	0	1
ENSG00000213927	9	2	2
ENSG00000179284	10	0	3
ENSG00000137726	13	0	0
ENSG00000255245	13	0	0
ENSG00000063169	12	0	1
ENSG00000203943	8	0	5
ENSG00000166164	13	0	0
ENSG00000171813	11	1	1
ENSG00000171016	13	0	0
ENSG00000174799	13	0	0
ENSG00000105321	12	1	0
ENSG00000188549	12	1	0
ENSG00000158792	12	0	1
ENSG00000142025	12	1	0
ENSG00000169245	13	0	0
ENSG00000138755	12	0	1
ENSG00000091972	12	1	0
ENSG00000171444	11	2	0
ENSG00000135362	13	0	0
ENSG00000174945	13	0	0
ENSG00000180424	13	0	0
ENSG00000125459	12	1	0
ENSG00000117222	13	0	0
ENSG00000160752	8	4	1
ENSG00000178980	10	1	2
ENSG00000186838	8	0	5
ENSG00000177363	11	0	2
ENSG00000178172	11	1	1
ENSG00000164266	11	1	1
ENSG00000155640	12	0	1
ENSG00000169248	12	0	1
ENSG00000135549	12	1	0
ENSG00000128040	9	2	2
ENSG00000180383	12	0	1
ENSG00000204909	8	0	5
ENSG00000176401	7	0	6
ENSG00000176396	9	0	4
ENSG00000196381	6	1	6
ENSG00000137731	8	0	5
ENSG00000006659	3	5	5
ENSG00000105198	3	5	5
ENSG00000249861	3	5	5
ENSG00000105205	3	5	5
ENSG00000131068	7	0	6
ENSG00000268358	1	0	12
ENSG00000232748	3	0	10
ENSG00000121039	13	0	0
ENSG00000163285	13	0	0
ENSG00000146352	13	0	0
ENSG00000177182	13	0	0
ENSG00000105419	13	0	0
ENSG00000198225	9	4	0
ENSG00000137124	11	0	2
ENSG00000156599	11	1	1
ENSG00000272962	11	0	2
ENSG00000198743	11	0	2
ENSG00000130508	10	2	1
ENSG00000125247	12	1	0
ENSG00000158457	13	0	0
ENSG00000113369	13	0	0
ENSG00000142875	13	0	0
ENSG00000175104	12	1	0
ENSG00000143924	13	0	0
ENSG00000149499	13	0	0
ENSG00000198515	12	1	0
ENSG00000170289	13	0	0
ENSG00000110171	13	0	0
ENSG00000169871	9	1	3
ENSG00000196660	13	0	0
ENSG00000175322	3	6	4
ENSG00000173041	3	6	4
ENSG00000198039	3	6	4
ENSG00000152926	3	6	4
ENSG00000197008	3	6	4
ENSG00000141258	13	0	0
ENSG00000130589	10	0	3
ENSG00000163293	12	1	0
ENSG00000099364	13	0	0
ENSG00000173120	12	1	0
ENSG00000050344	13	0	0
ENSG00000169016	13	0	0
ENSG00000142453	13	0	0
ENSG00000101638	13	0	0
ENSG00000111728	12	0	1
ENSG00000113532	13	0	0
ENSG00000121741	13	0	0
ENSG00000198218	13	0	0
ENSG00000108839	13	0	0
ENSG00000179593	12	0	1
ENSG00000179477	13	0	0
ENSG00000179148	12	1	0
ENSG00000072274	13	0	0
ENSG00000127412	12	0	1
ENSG00000165125	12	0	1
ENSG00000183090	10	2	1
ENSG00000213420	12	0	1
ENSG00000121774	13	0	0
ENSG00000168032	13	0	0
ENSG00000113594	12	1	0
ENSG00000145623	13	0	0
ENSG00000148942	13	0	0
ENSG00000151834	13	0	0
ENSG00000109158	13	0	0
ENSG00000073849	13	0	0
ENSG00000158710	13	0	0
ENSG00000144834	13	0	0
ENSG00000117519	11	2	0
ENSG00000117533	13	0	0
ENSG00000220205	12	0	1
ENSG00000263620	12	0	1
ENSG00000133116	13	0	0
ENSG00000067221	13	0	0
ENSG00000165283	12	0	1
ENSG00000187033	13	0	0
ENSG00000173889	13	0	0
ENSG00000107295	13	0	0
ENSG00000140600	13	0	0
ENSG00000097033	13	0	0
ENSG00000102781	12	1	0
ENSG00000162645	5	4	4
ENSG00000154451	10	1	2
ENSG00000183347	6	6	1
ENSG00000117228	6	6	1
ENSG00000117226	6	6	1
ENSG00000068001	13	0	0
ENSG00000114378	11	1	1
ENSG00000186792	12	1	0
ENSG00000159212	12	1	0
ENSG00000157131	13	0	0
ENSG00000021852	13	0	0
ENSG00000113600	13	0	0
ENSG00000143006	13	0	0
ENSG00000105499	5	1	7
ENSG00000255508	4	0	9
ENSG00000149016	9	0	4
ENSG00000198844	13	0	0
ENSG00000050327	11	2	0
ENSG00000198467	13	0	0
ENSG00000162694	13	0	0
ENSG00000083168	13	0	0
ENSG00000103510	13	0	0
ENSG00000145248	12	1	0
ENSG00000137801	13	0	0
ENSG00000104824	8	4	1
ENSG00000268083	1	6	6
ENSG00000117569	13	0	0
ENSG00000011304	12	0	1
ENSG00000064726	13	0	0
ENSG00000004700	12	0	1
ENSG00000143036	12	1	0
ENSG00000129353	13	0	0
ENSG00000168528	12	1	0
ENSG00000111897	11	2	0
ENSG00000104825	12	1	0
ENSG00000129351	13	0	0
ENSG00000137692	13	0	0
ENSG00000109184	13	0	0
ENSG00000087903	13	0	0
ENSG00000080298	11	1	1
ENSG00000104312	12	1	0
ENSG00000077420	13	0	0
ENSG00000111716	8	4	1
ENSG00000137076	13	0	0
ENSG00000183853	13	0	0
ENSG00000149571	13	0	0
ENSG00000049449	12	1	0
ENSG00000128595	13	0	0
ENSG00000198517	9	0	4
ENSG00000130856	12	1	0
ENSG00000101115	11	2	0
ENSG00000144959	13	0	0
ENSG00000099377	13	0	0
ENSG00000203857	8	5	0
ENSG00000203859	8	5	0
ENSG00000131196	12	1	0
ENSG00000101096	12	1	0
ENSG00000138459	13	0	0
ENSG00000117620	12	0	1
ENSG00000170049	13	0	0
ENSG00000145016	13	0	0
ENSG00000225190	9	3	1
ENSG00000140995	13	0	0
ENSG00000103507	13	0	0
ENSG00000205143	13	0	0
ENSG00000125861	12	0	1
ENSG00000148943	12	0	1
ENSG00000111052	13	0	0
ENSG00000117016	12	0	1
ENSG00000178999	13	0	0
ENSG00000149435	11	2	0
ENSG00000171497	10	3	0
ENSG00000101246	10	2	1
ENSG00000080503	12	0	1
ENSG00000166016	13	0	0
ENSG00000175198	12	1	0
ENSG00000147853	12	1	0
ENSG00000162433	11	2	0
ENSG00000178952	11	2	0
ENSG00000104129	11	2	0
ENSG00000117133	13	0	0
ENSG00000156802	13	0	0
ENSG00000010256	13	0	0
ENSG00000141391	12	0	1
ENSG00000054793	13	0	0
ENSG00000123815	13	0	0
ENSG00000198805	8	5	0
ENSG00000154493	11	2	0
ENSG00000125434	13	0	0
ENSG00000065150	13	0	0
ENSG00000157184	13	0	0
ENSG00000114573	11	2	0
ENSG00000105202	12	1	0
ENSG00000117592	11	2	0
ENSG00000110713	12	1	0
ENSG00000178896	12	1	0
ENSG00000136628	13	0	0
ENSG00000140992	12	1	0
ENSG00000162669	10	2	1
ENSG00000100075	11	2	0
ENSG00000143486	11	2	0
ENSG00000106588	0	3	10
ENSG00000256646	10	3	0
ENSG00000185883	12	1	0
ENSG00000183044	12	0	1
ENSG00000067704	12	1	0
ENSG00000106263	12	0	1
ENSG00000163918	12	1	0
ENSG00000092094	13	0	0
ENSG00000120697	12	1	0
ENSG00000087191	12	1	0
ENSG00000131165	12	0	1
ENSG00000013275	12	0	1
ENSG00000137513	12	0	1
ENSG00000117593	13	0	0
ENSG00000172053	12	0	1
ENSG00000270249	1	6	6
ENSG00000228049	7	0	6
ENSG00000267645	7	0	6
ENSG00000168255	7	0	6
ENSG00000150753	12	1	0
ENSG00000077348	13	0	0
ENSG00000108592	13	0	0
ENSG00000133119	13	0	0
ENSG00000142230	13	0	0
ENSG00000097046	12	0	1
ENSG00000069943	12	1	0
ENSG00000101161	13	0	0
ENSG00000105197	13	0	0
ENSG00000175826	12	1	0
ENSG00000108591	11	0	2
ENSG00000177971	11	0	2
ENSG00000128626	12	0	1
ENSG00000144659	13	0	0
ENSG00000267157	1	0	12
ENSG00000141994	11	1	1
ENSG00000185163	13	0	0
ENSG00000213462	1	2	10
ENSG00000257704	5	0	8
ENSG00000136531	13	0	0
ENSG00000153253	13	0	0
ENSG00000169432	13	0	0
ENSG00000172381	11	2	0
ENSG00000197532	12	1	0
ENSG00000186440	12	1	0
ENSG00000182083	5	7	1
ENSG00000178586	5	7	1
ENSG00000116983	12	0	1
ENSG00000104490	13	0	0
ENSG00000163399	12	1	0
ENSG00000127241	13	0	0
ENSG00000153922	13	0	0
ENSG00000170004	13	0	0
ENSG00000149136	13	0	0
ENSG00000114739	12	0	1
ENSG00000158516	8	1	4
ENSG00000128510	11	1	1
ENSG00000091704	11	1	1
ENSG00000158525	12	1	0
ENSG00000088836	12	1	0
ENSG00000127364	10	1	2
ENSG00000221937	12	0	1
ENSG00000236398	7	1	5
ENSG00000257138	11	1	1
ENSG00000127366	5	3	5
ENSG00000185899	7	3	3
ENSG00000221855	11	1	1
ENSG00000141012	13	0	0
ENSG00000181036	11	2	0
ENSG00000163518	9	0	4
ENSG00000163534	13	0	0
ENSG00000132704	10	2	1
ENSG00000143297	12	1	0
ENSG00000127362	12	0	1
ENSG00000196832	5	7	1
ENSG00000168828	11	2	0
ENSG00000105926	13	0	0
ENSG00000122718	8	4	1
ENSG00000165801	13	0	0
ENSG00000174898	11	1	1
ENSG00000233436	10	0	3
ENSG00000227164	4	0	9
ENSG00000238227	5	0	8
ENSG00000123124	12	1	0
ENSG00000221996	8	3	2
ENSG00000125815	13	0	0
ENSG00000101441	6	7	0
ENSG00000170369	6	7	0
ENSG00000170373	6	7	0
ENSG00000170367	6	7	0
ENSG00000101439	6	7	0
ENSG00000027869	13	0	0
ENSG00000143207	12	1	0
ENSG00000169258	11	0	2
ENSG00000177946	5	1	7
ENSG00000178075	13	0	0
ENSG00000149480	13	0	0
ENSG00000057935	12	1	0
ENSG00000069712	11	0	2
ENSG00000105426	10	0	3
ENSG00000138802	13	0	0
ENSG00000154553	13	0	0
ENSG00000124019	11	2	0
ENSG00000257093	11	1	1
ENSG00000117266	12	0	1
ENSG00000170365	13	0	0
ENSG00000120693	12	0	1
ENSG00000196963	6	1	6
ENSG00000113248	11	0	2
ENSG00000113209	3	2	8
ENSG00000255622	5	0	8
ENSG00000113211	7	0	6
ENSG00000081818	8	2	3
ENSG00000113205	5	0	8
ENSG00000120327	8	0	5
ENSG00000113212	6	0	7
ENSG00000112852	7	2	4
ENSG00000197479	7	1	5
ENSG00000120328	7	1	5
ENSG00000171488	13	0	0
ENSG00000171492	12	1	0
ENSG00000197147	13	0	0
ENSG00000174348	13	0	0
ENSG00000164050	12	0	1
ENSG00000105808	12	1	0
ENSG00000111647	13	0	0
ENSG00000162706	13	0	0
ENSG00000088538	13	0	0
ENSG00000150760	11	2	0
ENSG00000025800	12	1	0
ENSG00000078246	13	0	0
ENSG00000185467	11	2	0
ENSG00000075539	11	2	0
ENSG00000073910	12	1	0
ENSG00000170037	13	0	0
ENSG00000166573	12	0	1
ENSG00000128310	11	0	2
ENSG00000078549	12	1	0
ENSG00000067715	12	0	1
ENSG00000162407	13	0	0
ENSG00000129951	11	0	2
ENSG00000117600	13	0	0
ENSG00000092969	13	0	0
ENSG00000105329	10	2	1
ENSG00000103249	11	1	1
ENSG00000162517	12	1	0
ENSG00000051382	13	0	0
ENSG00000121879	13	0	0
ENSG00000116675	13	0	0
ENSG00000139144	13	0	0
ENSG00000146872	13	0	0
ENSG00000101336	12	0	1
ENSG00000182866	12	0	1
ENSG00000188037	12	1	0
ENSG00000117598	13	0	0
ENSG00000164061	12	1	0
ENSG00000111860	13	0	0
ENSG00000122133	5	5	3
ENSG00000125510	11	0	2
ENSG00000125522	7	0	6
ENSG00000112599	13	0	0
ENSG00000048545	13	0	0
ENSG00000163288	13	0	0
ENSG00000162695	13	0	0
ENSG00000084623	13	0	0
ENSG00000203737	5	0	8
ENSG00000065154	12	1	0
ENSG00000076321	12	1	0
ENSG00000144566	11	2	0
ENSG00000102572	13	0	0
ENSG00000070756	10	2	1
ENSG00000090621	11	2	0
ENSG00000135605	13	0	0
ENSG00000074966	12	1	0
ENSG00000179639	13	0	0
ENSG00000177105	12	1	0
ENSG00000130997	12	0	1
ENSG00000123908	13	0	0
ENSG00000101213	9	0	4
ENSG00000125508	11	0	2
ENSG00000163958	11	1	1
ENSG00000162227	13	0	0
ENSG00000106290	12	0	1
ENSG00000176402	9	2	2
ENSG00000177291	12	0	1
ENSG00000163959	13	0	0
ENSG00000173250	13	0	0
ENSG00000205670	13	0	0
ENSG00000137098	12	0	1
ENSG00000240204	3	0	10
ENSG00000182667	13	0	0
ENSG00000139800	12	0	1
ENSG00000043355	12	0	1
ENSG00000134852	13	0	0
ENSG00000092820	11	2	0
ENSG00000170185	13	0	0
ENSG00000109189	13	0	0
ENSG00000197993	13	0	0
ENSG00000117298	13	0	0
ENSG00000138769	12	1	0
ENSG00000106236	13	0	0
ENSG00000251692	11	1	1
ENSG00000132703	12	0	1
ENSG00000132693	13	0	0
ENSG00000015479	11	2	0
ENSG00000137944	13	0	0
ENSG00000112144	13	0	0
ENSG00000166123	12	1	0
ENSG00000187492	11	1	1
ENSG00000167733	10	0	3
ENSG00000106410	12	1	0
ENSG00000169067	12	0	1
ENSG00000169717	11	0	2
ENSG00000184378	13	0	0
ENSG00000132535	13	0	0
ENSG00000150672	13	0	0
ENSG00000149256	8	5	0
ENSG00000101752	13	0	0
ENSG00000166839	13	0	0
ENSG00000128011	13	0	0
ENSG00000139220	13	0	0
ENSG00000164128	13	0	0
ENSG00000164129	12	1	0
ENSG00000119973	11	1	1
ENSG00000198049	12	1	0
ENSG00000116584	13	0	0
ENSG00000107159	12	0	1
ENSG00000128591	13	0	0
ENSG00000154678	13	0	0
ENSG00000136059	12	0	1
ENSG00000177731	12	0	1
ENSG00000136518	13	0	0
ENSG00000173269	12	1	0
ENSG00000182870	12	1	0
ENSG00000099203	13	0	0
ENSG00000262302	0	9	4
ENSG00000066468	13	0	0
ENSG00000160796	11	1	1
ENSG00000114316	13	0	0
ENSG00000172046	13	0	0
ENSG00000170464	13	0	0
ENSG00000189060	8	1	4
ENSG00000130402	13	0	0
ENSG00000105398	7	6	0
ENSG00000170899	10	3	0
ENSG00000244067	2	11	0
ENSG00000243955	2	11	0
ENSG00000182793	2	11	0
ENSG00000174156	2	11	0
ENSG00000167600	11	2	0
ENSG00000197446	12	0	1
ENSG00000197838	5	8	0
ENSG00000198077	5	8	0
ENSG00000255974	5	8	0
ENSG00000130669	12	1	0
ENSG00000137843	12	0	1
ENSG00000144410	10	0	3
ENSG00000169302	12	1	0
ENSG00000165752	12	0	1
ENSG00000179532	10	2	1
ENSG00000165244	12	1	0
ENSG00000166508	12	0	1
ENSG00000262484	4	0	9
ENSG00000173826	13	0	0
ENSG00000172939	12	0	1
ENSG00000266173	13	0	0
ENSG00000114948	13	0	0
ENSG00000137672	13	0	0
ENSG00000099822	11	0	2
ENSG00000141458	12	1	0
ENSG00000114650	12	0	1
ENSG00000213139	12	1	0
ENSG00000164600	11	0	2
ENSG00000170390	13	0	0
ENSG00000133107	12	1	0
ENSG00000221909	6	3	4
ENSG00000196092	13	0	0
ENSG00000134775	13	0	0
ENSG00000153147	12	1	0
ENSG00000146535	13	0	0
ENSG00000120063	13	0	0
ENSG00000095066	13	0	0
ENSG00000134709	13	0	0
ENSG00000151726	13	0	0
ENSG00000130377	13	0	0
ENSG00000172362	4	6	3
ENSG00000172365	12	1	0
ENSG00000197786	8	4	1
ENSG00000172769	7	5	1
ENSG00000006530	12	1	0
ENSG00000121753	12	1	0
ENSG00000135298	13	0	0
ENSG00000180245	12	0	1
ENSG00000179241	13	0	0
ENSG00000169862	13	0	0
ENSG00000198561	13	0	0
ENSG00000151617	13	0	0
ENSG00000163531	13	0	0
ENSG00000109686	13	0	0
ENSG00000156463	12	1	0
ENSG00000126934	12	0	1
ENSG00000169992	13	0	0
ENSG00000104814	13	0	0
ENSG00000105738	11	2	0
ENSG00000114353	13	0	0
ENSG00000196218	11	2	0
ENSG00000198626	12	1	0
ENSG00000114349	11	0	2
ENSG00000076864	13	0	0
ENSG00000132359	13	0	0
ENSG00000182247	9	0	4
ENSG00000170142	12	0	1
ENSG00000065559	11	1	1
ENSG00000134489	13	0	0
ENSG00000057294	13	0	0
ENSG00000001617	13	0	0
ENSG00000221961	1	0	12
ENSG00000160460	12	0	1
ENSG00000185198	11	0	2
ENSG00000121853	13	0	0
ENSG00000118004	13	0	0
ENSG00000187821	12	0	1
ENSG00000135547	13	0	0
ENSG00000163909	11	1	1
ENSG00000106144	13	0	0
ENSG00000204403	9	1	3
ENSG00000196954	10	3	0
ENSG00000175662	11	0	2
ENSG00000067560	12	0	1
ENSG00000173156	12	1	0
ENSG00000113100	13	0	0
ENSG00000024422	11	0	2
ENSG00000117280	13	0	0
ENSG00000134193	11	1	1
ENSG00000179934	12	1	0
ENSG00000173578	12	0	1
ENSG00000108370	12	0	1
ENSG00000076344	13	0	0
ENSG00000178537	13	0	0
ENSG00000197403	13	0	0
ENSG00000188340	11	2	0
ENSG00000180433	13	0	0
ENSG00000203757	12	0	1
ENSG00000196171	11	2	0
ENSG00000168329	13	0	0
ENSG00000183625	12	1	0
ENSG00000163823	9	3	1
ENSG00000121797	13	0	0
ENSG00000121807	9	2	2
ENSG00000160791	8	2	3
ENSG00000139514	12	0	1
ENSG00000169006	13	0	0
ENSG00000177352	13	0	0
ENSG00000179168	13	0	0
ENSG00000196188	10	0	3
ENSG00000106100	13	0	0
ENSG00000167207	12	0	1
ENSG00000163486	13	0	0
ENSG00000213516	2	3	8
ENSG00000164548	12	1	0
ENSG00000137502	13	0	0
ENSG00000103769	13	0	0
ENSG00000132698	13	0	0
ENSG00000171502	10	0	3
ENSG00000130635	12	0	1
ENSG00000180475	7	6	0
ENSG00000172772	9	3	1
ENSG00000184155	10	3	0
ENSG00000196184	11	1	1
ENSG00000186306	11	2	0
ENSG00000198965	7	6	0
ENSG00000198967	13	0	0
ENSG00000196266	0	11	2
ENSG00000141447	12	1	0
ENSG00000180708	12	1	0
ENSG00000173285	8	5	0
ENSG00000186400	7	6	0
ENSG00000173210	13	0	0
ENSG00000169507	13	0	0
ENSG00000121764	13	0	0
ENSG00000159899	12	1	0
ENSG00000128617	13	0	0
ENSG00000070882	13	0	0
ENSG00000171570	12	0	1
ENSG00000167578	12	0	1
ENSG00000162434	13	0	0
ENSG00000105397	13	0	0
ENSG00000178860	12	0	1
ENSG00000182871	11	2	0
ENSG00000146205	10	1	2
ENSG00000101236	11	0	2
ENSG00000131848	4	8	1
ENSG00000168491	12	1	0
ENSG00000134817	12	0	1
ENSG00000173080	10	0	3
ENSG00000167601	13	0	0
ENSG00000164078	13	0	0
ENSG00000136352	11	0	2
ENSG00000105855	12	0	1
ENSG00000169252	13	0	0
ENSG00000164270	12	1	0
ENSG00000198691	13	0	0
ENSG00000132109	12	0	1
ENSG00000137094	13	0	0
ENSG00000101280	13	0	0
ENSG00000008853	11	1	1
ENSG00000011028	13	0	0
ENSG00000127603	11	1	1
ENSG00000253537	3	0	10
ENSG00000253731	2	0	11
ENSG00000261934	1	0	12
ENSG00000253767	2	0	11
ENSG00000253846	2	0	11
ENSG00000254245	3	0	10
ENSG00000081853	5	0	8
ENSG00000204956	6	0	7
ENSG00000253485	3	0	10
ENSG00000262576	2	0	11
ENSG00000253159	2	0	11
ENSG00000253873	1	0	12
ENSG00000254221	3	1	9
ENSG00000253910	2	1	10
ENSG00000253953	5	0	8
ENSG00000253305	3	0	10
ENSG00000254122	2	0	11
ENSG00000262209	1	1	11
ENSG00000128607	12	1	0
ENSG00000178951	10	0	3
ENSG00000181856	12	1	0
ENSG00000163581	13	0	0
ENSG00000121310	9	3	1
ENSG00000104823	13	0	0
ENSG00000143013	13	0	0
ENSG00000172037	13	0	0
ENSG00000042781	10	1	2
ENSG00000164076	13	0	0
ENSG00000172113	13	0	0
ENSG00000109667	12	0	1
ENSG00000138796	13	0	0
ENSG00000114270	13	0	0
ENSG00000160326	11	0	2
ENSG00000147687	12	0	1
ENSG00000177873	7	0	6
ENSG00000172888	6	1	6
ENSG00000177842	5	0	8
ENSG00000075089	12	1	0
ENSG00000105219	10	0	3
ENSG00000115685	12	1	0
ENSG00000122735	13	0	0
ENSG00000102678	13	0	0
ENSG00000070388	10	0	3
ENSG00000205213	13	0	0
ENSG00000137841	12	0	1
ENSG00000139151	13	0	0
ENSG00000188766	12	0	1
ENSG00000103257	12	0	1
ENSG00000090920	11	2	0
ENSG00000164619	13	0	0
ENSG00000121966	13	0	0
ENSG00000178038	13	0	0
ENSG00000197405	13	0	0
ENSG00000134830	12	0	1
ENSG00000166450	12	0	1
ENSG00000103742	12	1	0
ENSG00000174498	13	0	0
ENSG00000162889	12	1	0
ENSG00000114738	13	0	0
ENSG00000196482	13	0	0
ENSG00000145495	13	0	0
ENSG00000162383	13	0	0
ENSG00000106688	11	2	0
ENSG00000177707	13	0	0
ENSG00000109472	13	0	0
ENSG00000149599	13	0	0
ENSG00000187800	13	0	0
ENSG00000157890	13	0	0
ENSG00000233608	11	0	2
ENSG00000122691	7	0	6
ENSG00000169427	11	0	2
ENSG00000154485	10	0	3
ENSG00000118160	12	0	1
ENSG00000181803	10	3	0
ENSG00000100228	12	0	1
ENSG00000164924	10	2	1
ENSG00000058272	13	0	0
ENSG00000136750	13	0	0
ENSG00000036257	12	1	0
ENSG00000113580	11	2	0
ENSG00000143870	12	1	0
ENSG00000164893	11	2	0
ENSG00000137075	12	1	0
ENSG00000146083	13	0	0
ENSG00000189403	10	3	0
ENSG00000137747	12	0	1
ENSG00000176040	13	0	0
ENSG00000097096	13	0	0
ENSG00000186716	13	0	0
ENSG00000183682	3	10	0
ENSG00000116985	3	10	0
ENSG00000130751	12	1	0
ENSG00000159263	13	0	0
ENSG00000145819	13	0	0
ENSG00000071205	13	0	0
ENSG00000198542	13	0	0
ENSG00000113712	6	7	0
ENSG00000152402	13	0	0
ENSG00000132518	12	1	0
ENSG00000196611	10	3	0
ENSG00000118113	13	0	0
ENSG00000149968	12	1	0
ENSG00000166670	7	0	6
ENSG00000137675	13	0	0
ENSG00000136630	13	0	0
ENSG00000116141	12	1	0
ENSG00000081052	11	1	1
ENSG00000099365	13	0	0
ENSG00000177414	13	0	0
ENSG00000179832	11	2	0
ENSG00000103710	13	0	0
ENSG00000111404	13	0	0
ENSG00000180318	13	0	0
ENSG00000171786	10	0	3
ENSG00000122375	13	0	0
ENSG00000198722	12	1	0
ENSG00000128045	13	0	0
ENSG00000171757	13	0	0
ENSG00000160868	2	11	0
ENSG00000021461	2	11	0
ENSG00000160870	2	11	0
ENSG00000106258	2	11	0
ENSG00000102924	12	0	1
ENSG00000137948	12	0	1
ENSG00000110148	13	0	0
ENSG00000104369	13	0	0
ENSG00000172215	13	0	0
ENSG00000173585	13	0	0
ENSG00000159314	12	1	0
ENSG00000198400	13	0	0
ENSG00000088247	13	0	0
ENSG00000161958	13	0	0
ENSG00000103496	12	0	1
ENSG00000091986	13	0	0
ENSG00000186628	13	0	0
ENSG00000171509	13	0	0
ENSG00000133105	12	1	0
ENSG00000142910	13	0	0
ENSG00000131504	12	0	1
ENSG00000243284	12	1	0
ENSG00000188004	0	1	12
ENSG00000163820	13	0	0
ENSG00000101152	12	0	1
ENSG00000090924	13	0	0
ENSG00000214029	5	1	7
ENSG00000106436	12	0	1
ENSG00000225781	8	4	1
ENSG00000179468	4	4	5
ENSG00000258083	9	3	1
ENSG00000125245	12	1	0
ENSG00000168743	13	0	0
ENSG00000013293	13	0	0
ENSG00000130254	13	0	0
ENSG00000160633	11	2	0
ENSG00000166073	13	0	0
ENSG00000178342	8	2	3
ENSG00000171126	13	0	0
ENSG00000105428	9	1	3
ENSG00000267552	3	6	4
ENSG00000099337	12	1	0
ENSG00000169393	9	4	0
ENSG00000124391	9	0	4
ENSG00000074621	13	0	0
ENSG00000157954	13	0	0
ENSG00000114346	12	1	0
ENSG00000258677	2	6	5
ENSG00000104343	4	8	1
ENSG00000164167	12	1	0
ENSG00000164142	12	1	0
ENSG00000141622	13	0	0
ENSG00000111058	13	0	0
ENSG00000176244	11	2	0
ENSG00000088727	11	1	1
ENSG00000040341	12	0	1
ENSG00000141385	13	0	0
ENSG00000116128	13	0	0
ENSG00000167769	13	0	0
ENSG00000113578	13	0	0
ENSG00000122696	9	3	1
ENSG00000261915	13	0	0
ENSG00000215041	13	0	0
ENSG00000174808	13	0	0
ENSG00000132688	11	2	0
ENSG00000146618	12	0	1
ENSG00000185972	11	2	0
ENSG00000120329	7	0	6
ENSG00000102743	11	2	0
ENSG00000178381	9	0	4
ENSG00000167978	13	0	0
ENSG00000172458	9	0	4
ENSG00000127743	13	0	0
ENSG00000213218	9	4	0
ENSG00000136487	9	4	0
ENSG00000136488	9	4	0
ENSG00000259384	9	4	0
ENSG00000204414	9	4	0
ENSG00000186106	13	0	0
ENSG00000230778	9	0	4
ENSG00000169876	8	2	3
ENSG00000205277	9	0	4
ENSG00000169894	8	2	3
ENSG00000116731	10	3	0
ENSG00000132953	13	0	0
ENSG00000156968	12	1	0
ENSG00000162877	12	1	0
ENSG00000158966	13	0	0
ENSG00000061936	13	0	0
ENSG00000176208	11	0	2
ENSG00000013297	13	0	0
ENSG00000167394	13	0	0
ENSG00000069275	12	1	0
ENSG00000188483	7	0	6
ENSG00000032389	13	0	0
ENSG00000144674	13	0	0
ENSG00000213085	12	0	1
ENSG00000110274	13	0	0
ENSG00000158545	11	1	1
ENSG00000107771	13	0	0
ENSG00000090615	12	1	0
ENSG00000172667	12	1	0
ENSG00000162063	13	0	0
ENSG00000109534	11	1	1
ENSG00000188732	12	0	1
ENSG00000122687	12	0	1
ENSG00000122687	12	0	1
ENSG00000109736	12	0	1
ENSG00000126861	12	0	1
ENSG00000109881	13	0	0
ENSG00000179111	13	0	0
ENSG00000146373	12	0	1
ENSG00000188334	12	1	0
ENSG00000114248	11	0	2
ENSG00000137077	10	2	1
ENSG00000128567	12	1	0
ENSG00000187889	13	0	0
ENSG00000198824	12	0	1
ENSG00000172724	12	1	0
ENSG00000164054	12	0	1
ENSG00000204930	12	0	1
ENSG00000167139	10	2	1
ENSG00000181481	12	1	0
ENSG00000070814	12	1	0
ENSG00000113905	13	0	0
ENSG00000174132	13	0	0
ENSG00000149115	13	0	0
ENSG00000145879	12	0	1
ENSG00000258227	13	0	0
ENSG00000123843	10	0	3
ENSG00000197019	12	0	1
ENSG00000183145	11	0	2
ENSG00000174500	12	1	0
ENSG00000258436	10	0	3
ENSG00000259060	10	0	3
ENSG00000228672	12	0	1
ENSG00000196800	8	2	3
ENSG00000226887	1	1	11
ENSG00000167565	11	0	2
ENSG00000197380	9	0	4
ENSG00000204548	6	0	7
ENSG00000255872	0	0	13
ENSG00000149451	13	0	0
ENSG00000164305	11	2	0
ENSG00000138794	11	0	2
ENSG00000183775	11	1	1
ENSG00000100425	11	0	2
ENSG00000071575	12	1	0
ENSG00000101255	13	0	0
ENSG00000160007	13	0	0
ENSG00000122367	13	0	0
ENSG00000110031	13	0	0
ENSG00000174332	13	0	0
ENSG00000164930	13	0	0
ENSG00000162975	12	0	1
ENSG00000168263	13	0	0
ENSG00000143032	13	0	0
ENSG00000174738	13	0	0
ENSG00000116539	12	1	0
ENSG00000174326	12	1	0
ENSG00000174327	12	1	0
ENSG00000179772	11	0	2
ENSG00000162627	11	2	0
ENSG00000105507	13	0	0
ENSG00000076928	12	1	0
ENSG00000132694	13	0	0
ENSG00000168310	13	0	0
ENSG00000105221	12	1	0
ENSG00000069974	12	1	0
ENSG00000185324	11	1	1
ENSG00000164692	11	1	1
ENSG00000151090	13	0	0
ENSG00000077092	13	0	0
ENSG00000187091	12	0	1
ENSG00000139155	13	0	0
ENSG00000183914	12	0	1
ENSG00000157193	13	0	0
ENSG00000175414	12	1	0
ENSG00000196503	13	0	0
ENSG00000162804	13	0	0
ENSG00000144229	11	2	0
ENSG00000181885	11	1	1
ENSG00000186350	11	0	2
ENSG00000117601	13	0	0
ENSG00000163536	13	0	0
ENSG00000114204	13	0	0
ENSG00000147689	13	0	0
ENSG00000173531	12	1	0
ENSG00000129038	12	1	0
ENSG00000164181	13	0	0
ENSG00000170522	12	1	0
ENSG00000183423	13	0	0
ENSG00000072201	13	0	0
ENSG00000152932	13	0	0
ENSG00000162402	12	1	0
ENSG00000213859	10	2	1
ENSG00000187555	13	0	0
ENSG00000090686	12	1	0
ENSG00000154065	13	0	0
ENSG00000074603	13	0	0
ENSG00000146904	13	0	0
ENSG00000182580	12	1	0
ENSG00000106123	10	0	3
ENSG00000122550	13	0	0
ENSG00000114648	12	0	1
ENSG00000079999	12	1	0
ENSG00000099381	13	0	0
ENSG00000132153	13	0	0
ENSG00000047188	13	0	0
ENSG00000162676	13	0	0
ENSG00000154310	13	0	0
ENSG00000240583	13	0	0
ENSG00000250424	13	0	0
ENSG00000182771	12	1	0
ENSG00000165304	13	0	0
ENSG00000163545	13	0	0
ENSG00000162409	13	0	0
ENSG00000173930	13	0	0
ENSG00000212122	8	3	2
ENSG00000151640	12	1	0
ENSG00000113657	12	1	0
ENSG00000164877	11	0	2
ENSG00000105866	13	0	0
ENSG00000094963	13	0	0
ENSG00000133121	12	1	0
ENSG00000185271	13	0	0
ENSG00000065989	12	1	0
ENSG00000184588	12	1	0
ENSG00000157211	13	0	0
ENSG00000114737	13	0	0
ENSG00000089597	12	1	0
ENSG00000257743	7	4	2
ENSG00000257335	11	2	0
ENSG00000182359	13	0	0
ENSG00000107263	13	0	0
ENSG00000173064	9	4	0
ENSG00000164307	13	0	0
ENSG00000164308	8	1	4
ENSG00000113441	12	1	0
ENSG00000113649	11	2	0
ENSG00000243509	4	0	9
ENSG00000174292	13	0	0
ENSG00000114450	12	0	1
ENSG00000185615	10	2	1
ENSG00000105281	13	0	0
ENSG00000110436	13	0	0
ENSG00000174021	4	4	5
ENSG00000262628	3	9	1
ENSG00000184166	3	9	1
ENSG00000233276	8	2	3
ENSG00000169105	11	0	2
ENSG00000106128	13	0	0
ENSG00000104368	12	1	0
ENSG00000114200	13	0	0
ENSG00000012660	13	0	0
ENSG00000162873	13	0	0
ENSG00000185909	13	0	0
ENSG00000079805	13	0	0
ENSG00000128604	13	0	0
ENSG00000137992	13	0	0
ENSG00000074276	13	0	0
ENSG00000125817	9	0	4
ENSG00000087470	12	1	0
ENSG00000121634	12	0	1
ENSG00000121743	12	0	1
ENSG00000182255	12	0	1
ENSG00000145246	12	0	1
ENSG00000152661	13	0	0
ENSG00000160293	12	0	1
ENSG00000090006	12	1	0
ENSG00000152767	12	1	0
ENSG00000162040	10	0	3
ENSG00000111877	12	1	0
ENSG00000183908	11	0	2
ENSG00000104325	12	1	0
ENSG00000242612	13	0	0
ENSG00000184144	12	0	1
ENSG00000060688	12	1	0
ENSG00000085719	13	0	0
ENSG00000152578	13	0	0
ENSG00000232125	12	0	1
ENSG00000116157	13	0	0
ENSG00000028137	13	0	0
ENSG00000100146	12	1	0
ENSG00000162188	10	1	2
ENSG00000177191	10	1	2
ENSG00000137962	12	1	0
ENSG00000213390	11	0	2
ENSG00000269891	11	0	2
ENSG00000011105	12	0	1
ENSG00000124743	13	0	0
ENSG00000205744	13	0	0
ENSG00000156587	13	0	0
ENSG00000171517	13	0	0
ENSG00000167642	13	0	0
ENSG00000010932	13	0	0
ENSG00000076258	13	0	0
ENSG00000007933	13	0	0
ENSG00000117507	11	0	2
ENSG00000214872	11	0	2
ENSG00000100139	13	0	0
ENSG00000095321	12	1	0
ENSG00000234438	10	0	3
ENSG00000169398	12	1	0
ENSG00000205108	7	6	0
ENSG00000145244	12	1	0
ENSG00000205403	13	0	0
ENSG00000104321	13	0	0
ENSG00000151612	13	0	0
ENSG00000162643	13	0	0
ENSG00000130714	13	0	0
ENSG00000109265	13	0	0
ENSG00000244687	8	3	2
ENSG00000187848	13	0	0
ENSG00000109991	13	0	0
ENSG00000171124	3	4	6
ENSG00000130383	3	4	6
ENSG00000156413	3	4	6
ENSG00000068903	13	0	0
ENSG00000084453	10	2	1
ENSG00000165280	12	1	0
ENSG00000184432	12	1	0
ENSG00000114742	12	1	0
ENSG00000110435	13	0	0
ENSG00000124208	12	0	1
ENSG00000240849	12	0	1
ENSG00000168904	12	1	0
ENSG00000167395	13	0	0
ENSG00000211452	10	0	3
ENSG00000117501	11	2	0
ENSG00000143067	10	1	2
ENSG00000231738	6	0	7
ENSG00000259009	3	2	8
ENSG00000178928	3	2	8
ENSG00000102921	13	0	0
ENSG00000102935	13	0	0
ENSG00000133703	12	1	0
ENSG00000104450	12	1	0
ENSG00000164853	9	2	2
ENSG00000160323	13	0	0
ENSG00000197859	12	0	1
ENSG00000137941	13	0	0
ENSG00000072818	13	0	0
ENSG00000120318	13	0	0
ENSG00000105204	13	0	0
ENSG00000160396	12	1	0
ENSG00000105339	12	1	0
ENSG00000174485	13	0	0
ENSG00000134249	7	6	0
ENSG00000179295	12	1	0
ENSG00000175445	12	0	1
ENSG00000187122	12	0	1
ENSG00000187522	12	1	0
ENSG00000185483	13	0	0
ENSG00000027644	13	0	0
ENSG00000151577	12	1	0
ENSG00000164916	12	1	0
ENSG00000198909	13	0	0
ENSG00000197442	11	2	0
ENSG00000160789	13	0	0
ENSG00000137501	12	1	0
ENSG00000089169	13	0	0
ENSG00000185278	13	0	0
ENSG00000170852	13	0	0
ENSG00000120696	6	5	2
ENSG00000165572	11	2	0
ENSG00000085265	6	5	2
ENSG00000160339	6	5	2
ENSG00000105610	12	0	1
ENSG00000118263	13	0	0
ENSG00000067082	13	0	0
ENSG00000116106	13	0	0
ENSG00000130558	12	0	1
ENSG00000118733	13	0	0
ENSG00000034971	13	0	0
ENSG00000187187	7	3	3
ENSG00000128000	4	8	1
ENSG00000196247	1	10	2
ENSG00000095777	13	0	0
ENSG00000088320	12	1	0
ENSG00000198231	13	0	0
ENSG00000108654	12	0	1
ENSG00000151422	12	1	0
ENSG00000133059	13	0	0
ENSG00000132514	7	3	3
ENSG00000141505	10	2	1
ENSG00000161944	11	0	2
ENSG00000144668	12	1	0
ENSG00000164379	3	4	6
ENSG00000137273	12	0	1
ENSG00000158711	13	0	0
ENSG00000121769	10	2	1
ENSG00000164434	13	0	0
ENSG00000143320	12	1	0
ENSG00000132718	12	1	0
ENSG00000173227	13	0	0
ENSG00000101204	12	0	1
ENSG00000159733	12	1	0
ENSG00000107187	11	0	2
ENSG00000134532	11	1	1
ENSG00000203883	7	1	5
ENSG00000131044	13	0	0
ENSG00000105392	12	0	1
ENSG00000160862	13	0	0
ENSG00000176136	11	0	2
ENSG00000258839	9	0	4
ENSG00000185231	13	0	0
ENSG00000072041	12	1	0
ENSG00000171208	12	1	0
ENSG00000002746	13	0	0
ENSG00000104517	12	1	0
ENSG00000221866	12	1	0
ENSG00000180613	13	0	0
ENSG00000120690	13	0	0
ENSG00000135373	13	0	0
ENSG00000135374	13	0	0
ENSG00000198169	7	2	4
ENSG00000188517	12	1	0
ENSG00000049089	12	0	1
ENSG00000121281	12	1	0
ENSG00000174990	11	0	2
ENSG00000180776	13	0	0
ENSG00000117036	13	0	0
ENSG00000253831	11	1	1
ENSG00000130584	12	0	1
ENSG00000103222	12	1	0
ENSG00000196396	13	0	0
ENSG00000169410	13	0	0
ENSG00000162068	13	0	0
ENSG00000164651	8	0	5
ENSG00000163827	13	0	0
ENSG00000122477	13	0	0
ENSG00000117322	10	0	3
ENSG00000197721	9	2	2
ENSG00000203710	9	2	2
ENSG00000164543	10	2	1
ENSG00000166147	13	0	0
ENSG00000065243	13	0	0
ENSG00000163558	13	0	0
ENSG00000171747	13	0	0
ENSG00000205076	3	10	0
ENSG00000178934	3	10	0
ENSG00000100023	12	0	1
ENSG00000156103	13	0	0
ENSG00000177103	9	4	0
ENSG00000146555	10	3	0
ENSG00000137673	12	1	0
ENSG00000137674	13	0	0
ENSG00000137745	13	0	0
ENSG00000198598	13	0	0
ENSG00000240184	0	5	8
ENSG00000186907	12	0	1
ENSG00000065675	13	0	0
ENSG00000008300	13	0	0
ENSG00000129595	13	0	0
ENSG00000091536	11	1	1
ENSG00000172940	8	5	0
ENSG00000100124	13	0	0
ENSG00000137494	13	0	0
ENSG00000189099	13	0	0
ENSG00000167157	13	0	0
ENSG00000185670	12	0	1
ENSG00000085274	13	0	0
ENSG00000178031	11	2	0
ENSG00000156218	12	1	0
ENSG00000181555	12	1	0
ENSG00000152455	10	3	0
ENSG00000181092	12	0	1
ENSG00000163145	13	0	0
ENSG00000109756	13	0	0
ENSG00000163554	12	1	0
ENSG00000171827	9	2	2
ENSG00000120784	9	1	3
ENSG00000225697	12	1	0
ENSG00000174502	12	0	1
ENSG00000171700	12	0	1
ENSG00000170175	13	0	0
ENSG00000165474	12	0	1
ENSG00000121742	12	0	1
ENSG00000146587	12	1	0
ENSG00000140798	12	0	1
ENSG00000121270	10	1	2
ENSG00000182472	11	1	1
ENSG00000141429	13	0	0
ENSG00000007129	1	9	3
ENSG00000105352	3	6	4
ENSG00000267881	2	9	2
ENSG00000007306	2	9	2
ENSG00000086548	2	9	2
ENSG00000170956	2	9	2
ENSG00000105388	2	9	2
ENSG00000188227	10	0	3
ENSG00000272968	2	8	3
ENSG00000198393	9	1	3
ENSG00000155016	13	0	0
ENSG00000102870	13	0	0
ENSG00000104833	11	2	0
ENSG00000134318	13	0	0
ENSG00000067900	13	0	0
ENSG00000073754	13	0	0
ENSG00000163738	12	0	1
ENSG00000137269	13	0	0
ENSG00000258223	13	0	0
ENSG00000165076	12	1	0
ENSG00000034677	13	0	0
ENSG00000136546	13	0	0
ENSG00000174595	9	0	4
ENSG00000155090	12	1	0
ENSG00000187151	11	0	2
ENSG00000143622	13	0	0
ENSG00000117335	7	6	0
ENSG00000123838	12	1	0
ENSG00000196352	12	1	0
ENSG00000091583	11	2	0
ENSG00000150457	12	1	0
ENSG00000130758	11	1	1
ENSG00000166333	13	0	0
ENSG00000090932	12	1	0
ENSG00000203780	13	0	0
ENSG00000170921	13	0	0
ENSG00000007038	12	1	0
ENSG00000151006	13	0	0
ENSG00000178226	12	1	0
ENSG00000188042	11	0	2
ENSG00000019186	13	0	0
ENSG00000240764	8	0	5
ENSG00000242419	2	6	5
ENSG00000146833	7	0	6
ENSG00000007174	11	0	2
ENSG00000105877	12	0	1
ENSG00000183024	5	6	2
ENSG00000229544	5	0	8
ENSG00000160908	9	3	1
ENSG00000166526	11	0	2
ENSG00000115339	12	0	1
ENSG00000136237	13	0	0
ENSG00000106113	12	1	0
ENSG00000106261	12	0	1
ENSG00000166529	11	1	1
ENSG00000076201	13	0	0
ENSG00000101350	13	0	0
ENSG00000125648	12	0	1
ENSG00000181240	12	1	0
ENSG00000089876	13	0	0
ENSG00000112280	13	0	0
ENSG00000084636	12	1	0
ENSG00000163393	13	0	0
ENSG00000196387	9	1	3
ENSG00000149131	13	0	0
ENSG00000128928	13	0	0
ENSG00000072778	12	1	0
ENSG00000105607	12	1	0
ENSG00000091010	13	0	0
ENSG00000151615	11	1	1
ENSG00000212993	10	3	0
ENSG00000147613	9	0	4
ENSG00000177283	9	1	3
ENSG00000128602	12	1	0
ENSG00000102780	13	0	0
ENSG00000121621	13	0	0
ENSG00000171777	13	0	0
ENSG00000244405	13	0	0
ENSG00000148411	11	0	2
ENSG00000116147	13	0	0
ENSG00000105287	13	0	0
ENSG00000138798	9	2	2
ENSG00000167972	12	1	0
ENSG00000172572	12	0	1
ENSG00000159840	12	1	0
ENSG00000051596	13	0	0
ENSG00000121871	12	0	1
ENSG00000189164	7	2	4
ENSG00000196378	9	0	4
ENSG00000088387	13	0	0
ENSG00000135905	11	2	0
ENSG00000177479	13	0	0
ENSG00000180739	8	0	5
ENSG00000170989	13	0	0
ENSG00000172377	10	3	0
ENSG00000186513	12	1	0
ENSG00000186509	8	4	1
ENSG00000169327	10	1	2
ENSG00000198283	8	1	4
ENSG00000053747	12	1	0
ENSG00000183873	13	0	0
ENSG00000185313	13	0	0
ENSG00000168356	12	0	1
ENSG00000007314	13	0	0
ENSG00000197037	12	0	1
ENSG00000177169	12	0	1
ENSG00000141424	13	0	0
ENSG00000180938	10	0	3
ENSG00000114115	13	0	0
ENSG00000114113	13	0	0
ENSG00000105483	6	0	7
ENSG00000145348	11	2	0
ENSG00000058866	13	0	0
ENSG00000168795	11	0	2
ENSG00000088827	12	0	1
ENSG00000162692	11	2	0
ENSG00000188306	13	0	0
ENSG00000145743	12	1	0
ENSG00000244623	6	6	1
ENSG00000143479	13	0	0
ENSG00000047315	13	0	0
ENSG00000183580	13	0	0
ENSG00000196437	10	1	2
ENSG00000171817	4	2	7
ENSG00000189144	2	1	10
ENSG00000197782	3	3	7
ENSG00000180479	4	1	8
ENSG00000186812	12	0	1
ENSG00000186814	12	0	1
ENSG00000172466	13	0	0
ENSG00000186496	7	1	5
ENSG00000164674	13	0	0
ENSG00000115687	13	0	0
ENSG00000166341	13	0	0
ENSG00000154957	13	0	0
ENSG00000141448	13	0	0
ENSG00000165899	10	3	0
ENSG00000134716	8	5	0
ENSG00000084072	11	2	0
ENSG00000225968	9	0	4
ENSG00000169508	13	0	0
ENSG00000082293	13	0	0
ENSG00000140795	12	0	1
ENSG00000101306	13	0	0
ENSG00000172382	12	0	1
ENSG00000103355	9	0	4
ENSG00000052344	13	0	0
ENSG00000075420	12	1	0
ENSG00000142871	13	0	0
ENSG00000204149	1	4	8
ENSG00000108854	12	0	1
ENSG00000198742	12	1	0
ENSG00000187801	6	3	4
ENSG00000187815	11	2	0
ENSG00000161940	13	0	0
ENSG00000196652	10	2	1
ENSG00000144857	13	0	0
ENSG00000156869	13	0	0
ENSG00000112357	13	0	0
ENSG00000165282	13	0	0
ENSG00000196458	12	1	0
ENSG00000198040	11	0	2
ENSG00000174255	5	1	7
ENSG00000136878	13	0	0
ENSG00000104835	13	0	0
ENSG00000269547	13	0	0
ENSG00000144671	12	0	1
ENSG00000258947	8	5	0
ENSG00000198211	3	6	4
ENSG00000176014	12	1	0
ENSG00000156873	12	1	0
ENSG00000170549	10	1	2
ENSG00000197603	12	1	0
ENSG00000197343	11	1	1
ENSG00000164022	10	3	0
ENSG00000184307	13	0	0
ENSG00000105486	12	1	0
ENSG00000149090	13	0	0
ENSG00000060971	10	3	0
ENSG00000051180	13	0	0
ENSG00000155304	13	0	0
ENSG00000134815	13	0	0
ENSG00000198182	0	1	12
ENSG00000117010	9	1	3
ENSG00000168314	12	0	1
ENSG00000198556	9	0	4
ENSG00000178150	9	0	4
ENSG00000272647	3	0	10
