ENSG00000072864	13	0	0
ENSG00000134470	12	1	0
ENSG00000112651	13	0	0
ENSG00000262814	9	0	4
ENSG00000161217	12	0	1
ENSG00000204161	12	0	1
ENSG00000241852	12	0	1
ENSG00000248235	12	0	1
ENSG00000165689	11	2	0
ENSG00000171467	13	0	0
ENSG00000008517	3	1	9
ENSG00000179630	13	0	0
ENSG00000105427	13	0	0
ENSG00000117597	12	1	0
ENSG00000178761	13	0	0
ENSG00000116221	11	1	1
ENSG00000129968	11	1	1
ENSG00000138297	9	3	1
ENSG00000204152	9	3	1
ENSG00000126226	13	0	0
ENSG00000105429	13	0	0
ENSG00000112667	12	1	0
ENSG00000178473	12	1	0
ENSG00000150403	12	1	0
ENSG00000178741	11	2	0
ENSG00000109911	12	1	0
ENSG00000099942	13	0	0
ENSG00000163975	12	1	0
ENSG00000198673	12	0	1
ENSG00000082213	12	1	0
ENSG00000135222	13	0	0
ENSG00000006327	13	0	0
ENSG00000109452	13	0	0
ENSG00000081791	13	0	0
ENSG00000162757	13	0	0
ENSG00000051523	11	0	2
ENSG00000122490	12	1	0
ENSG00000166783	12	1	0
ENSG00000113356	13	0	0
ENSG00000178718	10	0	3
ENSG00000167173	12	0	1
ENSG00000169689	10	0	3
ENSG00000164182	10	0	3
ENSG00000186834	12	0	1
ENSG00000168517	12	1	0
ENSG00000189377	12	0	1
ENSG00000178645	12	0	1
ENSG00000173566	13	0	0
ENSG00000163352	9	0	4
ENSG00000204365	2	0	11
ENSG00000114503	9	3	1
ENSG00000119227	10	2	1
ENSG00000204052	13	0	0
ENSG00000196476	13	0	0
ENSG00000163463	12	1	0
ENSG00000204237	11	0	2
ENSG00000139618	12	1	0
ENSG00000227345	12	1	0
ENSG00000155099	13	0	0
ENSG00000124688	12	1	0
ENSG00000187714	9	0	4
ENSG00000166069	13	0	0
ENSG00000189292	8	0	5
ENSG00000185298	12	0	1
ENSG00000160813	12	1	0
ENSG00000259024	2	1	10
ENSG00000175106	2	1	10
ENSG00000136731	11	2	0
ENSG00000178927	12	0	1
ENSG00000182022	13	0	0
ENSG00000163519	13	0	0
ENSG00000144231	12	1	0
ENSG00000272869	11	2	0
ENSG00000153037	11	2	0
ENSG00000128563	12	0	1
ENSG00000107829	11	1	1
ENSG00000181577	2	0	11
ENSG00000151773	13	0	0
ENSG00000178184	12	0	1
ENSG00000151240	12	1	0
ENSG00000123689	11	0	2
ENSG00000239704	11	0	2
ENSG00000087087	12	0	1
ENSG00000160282	13	0	0
ENSG00000141560	12	0	1
ENSG00000167363	13	0	0
ENSG00000181751	13	0	0
ENSG00000181396	13	0	0
ENSG00000204899	13	0	0
ENSG00000169682	13	0	0
ENSG00000175866	13	0	0
ENSG00000152240	11	2	0
ENSG00000146223	8	5	0
ENSG00000160993	11	1	1
ENSG00000137171	13	0	0
ENSG00000154511	12	1	0
ENSG00000141376	13	0	0
ENSG00000096080	12	1	0
ENSG00000187689	12	1	0
ENSG00000120658	13	0	0
ENSG00000124243	10	0	3
ENSG00000124713	12	1	0
ENSG00000163507	12	0	1
ENSG00000184361	13	0	0
ENSG00000253958	9	0	4
ENSG00000176953	13	0	0
ENSG00000183324	12	0	1
ENSG00000160688	13	0	0
ENSG00000152223	12	1	0
ENSG00000182362	12	0	1
ENSG00000171611	13	0	0
ENSG00000169241	12	1	0
ENSG00000205307	10	0	3
ENSG00000180530	13	0	0
ENSG00000119042	12	1	0
ENSG00000138293	9	4	0
ENSG00000161036	12	1	0
ENSG00000122406	8	5	0
ENSG00000067064	11	2	0
ENSG00000148377	2	2	9
ENSG00000165633	12	1	0
ENSG00000185332	3	0	10
ENSG00000125903	12	0	1
ENSG00000148358	13	0	0
ENSG00000160570	12	0	1
ENSG00000144681	13	0	0
ENSG00000134453	12	0	1
ENSG00000143627	12	1	0
ENSG00000104313	13	0	0
ENSG00000179085	12	1	0
ENSG00000104915	11	0	2
ENSG00000145725	12	1	0
ENSG00000049167	13	0	0
ENSG00000125534	5	5	3
ENSG00000145979	13	0	0
ENSG00000171209	13	0	0
ENSG00000157216	11	2	0
ENSG00000143033	13	0	0
ENSG00000116824	13	0	0
ENSG00000164815	13	0	0
ENSG00000174013	12	0	1
ENSG00000177628	13	0	0
ENSG00000101557	13	0	0
ENSG00000123119	11	0	2
ENSG00000162599	12	1	0
ENSG00000008441	13	0	0
ENSG00000169733	11	0	2
ENSG00000134247	12	1	0
ENSG00000134256	13	0	0
ENSG00000203760	12	1	0
ENSG00000144233	13	0	0
ENSG00000100142	13	0	0
ENSG00000164190	13	0	0
ENSG00000156642	13	0	0
ENSG00000105404	13	0	0
ENSG00000214097	10	1	2
ENSG00000176155	13	0	0
ENSG00000138294	10	1	2
ENSG00000188368	11	0	2
ENSG00000175202	9	3	1
ENSG00000141759	13	0	0
ENSG00000006114	12	0	1
ENSG00000158258	13	0	0
ENSG00000162396	12	0	1
ENSG00000151025	12	1	0
ENSG00000273331	12	0	1
ENSG00000145107	12	0	1
ENSG00000173207	2	7	4
ENSG00000185798	12	0	1
ENSG00000109205	13	0	0
ENSG00000242715	7	4	2
ENSG00000134324	12	1	0
ENSG00000101546	11	1	1
ENSG00000160298	11	0	2
ENSG00000197046	13	0	0
ENSG00000160285	13	0	0
ENSG00000125827	12	1	0
ENSG00000160799	13	0	0
ENSG00000134452	12	1	0
ENSG00000081189	13	0	0
ENSG00000108506	13	0	0
ENSG00000133104	11	2	0
ENSG00000083642	12	1	0
ENSG00000131507	12	1	0
ENSG00000155100	13	0	0
ENSG00000185527	10	0	3
ENSG00000061987	13	0	0
ENSG00000136720	12	1	0
ENSG00000096092	11	1	1
ENSG00000106330	12	1	0
ENSG00000108510	11	2	0
ENSG00000155761	11	2	0
ENSG00000188580	9	3	1
ENSG00000101198	7	0	6
ENSG00000185942	10	0	3
ENSG00000136122	13	0	0
ENSG00000186458	5	0	8
ENSG00000168495	11	2	0
ENSG00000173762	11	0	2
ENSG00000124571	12	1	0
ENSG00000166171	13	0	0
ENSG00000108001	11	0	2
ENSG00000137161	13	0	0
ENSG00000095739	13	0	0
ENSG00000213658	12	0	1
ENSG00000182459	5	4	4
ENSG00000163281	13	0	0
ENSG00000113552	12	1	0
ENSG00000140497	12	1	0
ENSG00000116521	12	0	1
ENSG00000198794	13	0	0
ENSG00000168490	12	1	0
ENSG00000163344	13	0	0
ENSG00000169660	13	0	0
ENSG00000171243	12	1	0
ENSG00000129810	12	1	0
ENSG00000177455	13	0	0
ENSG00000243364	9	1	3
ENSG00000169242	13	0	0
ENSG00000251246	13	0	0
ENSG00000143590	13	0	0
ENSG00000137868	12	1	0
ENSG00000131652	13	0	0
ENSG00000083535	13	0	0
ENSG00000165757	13	0	0
ENSG00000160991	12	1	0
ENSG00000181617	4	0	9
ENSG00000146834	11	2	0
ENSG00000145309	12	0	1
ENSG00000103145	13	0	0
ENSG00000170430	10	1	2
ENSG00000138629	12	1	0
ENSG00000120669	12	1	0
ENSG00000250709	12	1	0
ENSG00000178802	13	0	0
ENSG00000155313	12	1	0
ENSG00000163624	13	0	0
ENSG00000163515	4	3	6
ENSG00000213930	13	0	0
ENSG00000168481	13	0	0
ENSG00000112619	12	0	1
ENSG00000079134	12	1	0
ENSG00000164136	13	0	0
ENSG00000125409	13	0	0
ENSG00000174007	12	1	0
ENSG00000179151	13	0	0
ENSG00000079462	10	3	0
ENSG00000198162	13	0	0
ENSG00000222011	13	0	0
ENSG00000185504	13	0	0
ENSG00000124733	10	3	0
ENSG00000109445	11	2	0
ENSG00000168484	12	0	1
ENSG00000130427	12	1	0
ENSG00000141562	13	0	0
ENSG00000140481	13	0	0
ENSG00000126545	10	0	3
ENSG00000106336	13	0	0
ENSG00000185728	11	0	2
ENSG00000149658	12	0	1
ENSG00000178127	10	3	0
ENSG00000151883	13	0	0
ENSG00000151338	12	1	0
ENSG00000176055	13	0	0
ENSG00000136448	12	1	0
ENSG00000114209	13	0	0
ENSG00000159322	13	0	0
ENSG00000161048	12	1	0
ENSG00000083799	12	1	0
ENSG00000198176	9	4	0
ENSG00000178522	13	0	0
ENSG00000186073	13	0	0
ENSG00000107937	9	4	0
ENSG00000172426	12	0	1
ENSG00000163960	11	1	1
ENSG00000101323	13	0	0
ENSG00000141469	12	0	1
ENSG00000132874	13	0	0
ENSG00000182446	13	0	0
ENSG00000170525	13	0	0
ENSG00000160691	13	0	0
ENSG00000134460	12	1	0
ENSG00000112658	13	0	0
ENSG00000092978	12	1	0
ENSG00000198711	1	0	12
ENSG00000203864	2	0	11
ENSG00000196366	2	0	11
ENSG00000253506	5	6	2
ENSG00000221821	8	0	5
ENSG00000158806	12	0	1
ENSG00000171262	12	1	0
ENSG00000136715	13	0	0
ENSG00000095787	12	1	0
ENSG00000138621	12	1	0
ENSG00000196132	11	0	2
ENSG00000166780	13	0	0
ENSG00000166924	12	1	0
ENSG00000185955	10	1	2
ENSG00000213578	12	0	1
ENSG00000137563	13	0	0
ENSG00000101197	12	0	1
ENSG00000143603	12	1	0
ENSG00000183508	12	0	1
ENSG00000143727	12	1	0
ENSG00000100218	12	1	0
ENSG00000109099	12	0	1
ENSG00000187239	13	0	0
ENSG00000137942	13	0	0
ENSG00000196628	13	0	0
ENSG00000065308	13	0	0
ENSG00000169727	11	0	2
ENSG00000197461	12	0	1
ENSG00000180660	13	0	0
ENSG00000177752	12	0	1
ENSG00000139597	13	0	0
ENSG00000116874	12	1	0
ENSG00000169371	13	0	0
ENSG00000174196	12	1	0
ENSG00000137207	13	0	0
ENSG00000147439	12	1	0
ENSG00000172336	12	0	1
ENSG00000243725	13	0	0
ENSG00000244754	7	0	6
ENSG00000173349	9	0	4
ENSG00000255501	3	0	10
ENSG00000204397	2	1	10
ENSG00000255221	2	1	10
ENSG00000196505	13	0	0
ENSG00000005483	13	0	0
ENSG00000105723	12	1	0
ENSG00000268643	12	1	0
ENSG00000176125	9	0	4
ENSG00000160284	12	1	0
ENSG00000068024	12	1	0
ENSG00000162073	12	0	1
ENSG00000119231	12	1	0
ENSG00000170734	11	1	1
ENSG00000188191	9	2	2
ENSG00000170915	12	1	0
ENSG00000170927	12	1	0
ENSG00000140506	13	0	0
ENSG00000173281	13	0	0
ENSG00000114487	13	0	0
ENSG00000166169	13	0	0
ENSG00000111046	13	0	0
ENSG00000111049	13	0	0
ENSG00000205922	7	1	5
ENSG00000257923	11	1	1
ENSG00000106683	12	0	1
ENSG00000168453	13	0	0
ENSG00000057608	11	2	0
ENSG00000024048	12	1	0
ENSG00000166925	10	2	1
ENSG00000185896	13	0	0
ENSG00000120910	12	1	0
ENSG00000197444	13	0	0
ENSG00000213123	10	2	1
ENSG00000272741	10	2	1
ENSG00000258728	12	1	0
ENSG00000137070	12	1	0
ENSG00000083520	13	0	0
ENSG00000173171	13	0	0
ENSG00000009790	13	0	0
ENSG00000136492	13	0	0
ENSG00000174282	13	0	0
ENSG00000127564	13	0	0
ENSG00000180828	8	0	5
ENSG00000198919	13	0	0
ENSG00000124496	13	0	0
ENSG00000258838	0	0	13
ENSG00000243251	0	0	13
ENSG00000169710	12	1	0
ENSG00000160767	12	0	1
ENSG00000178188	13	0	0
ENSG00000160999	13	0	0
ENSG00000186765	13	0	0
ENSG00000183773	12	0	1
ENSG00000107929	12	0	1
ENSG00000105821	13	0	0
ENSG00000140463	13	0	0
ENSG00000174776	13	0	0
ENSG00000096093	13	0	0
ENSG00000066136	13	0	0
ENSG00000135250	12	1	0
ENSG00000112874	13	0	0
ENSG00000182095	12	1	0
ENSG00000179862	10	1	2
ENSG00000153531	11	0	2
ENSG00000101544	13	0	0
ENSG00000101126	13	0	0
ENSG00000104907	12	1	0
ENSG00000158941	13	0	0
ENSG00000142611	13	0	0
ENSG00000162391	11	1	1
ENSG00000108557	11	0	2
ENSG00000108021	13	0	0
ENSG00000124659	11	1	1
ENSG00000177548	13	0	0
ENSG00000148396	11	0	2
ENSG00000258864	0	0	13
ENSG00000134982	12	1	0
ENSG00000079432	13	0	0
ENSG00000137221	12	1	0
ENSG00000160294	13	0	0
ENSG00000176018	13	0	0
ENSG00000163346	13	0	0
ENSG00000141579	13	0	0
ENSG00000125841	13	0	0
ENSG00000168502	12	1	0
ENSG00000112624	13	0	0
ENSG00000163348	11	0	2
ENSG00000172538	11	1	1
ENSG00000177764	13	0	0
ENSG00000162076	9	1	3
ENSG00000059122	12	0	1
ENSG00000225663	11	0	2
ENSG00000124541	7	0	6
ENSG00000185982	9	0	4
ENSG00000141574	6	4	3
ENSG00000187533	10	0	3
ENSG00000175779	1	0	12
ENSG00000253250	2	0	11
ENSG00000137561	13	0	0
ENSG00000134138	12	1	0
ENSG00000107643	12	1	0
ENSG00000100030	13	0	0
ENSG00000183570	13	0	0
ENSG00000134253	12	1	0
ENSG00000120563	9	4	0
ENSG00000105229	12	0	1
ENSG00000185736	12	1	0
ENSG00000160710	13	0	0
ENSG00000106327	13	0	0
ENSG00000179388	13	0	0
ENSG00000187416	6	1	6
ENSG00000101745	12	1	0
ENSG00000170632	12	1	0
ENSG00000151348	13	0	0
ENSG00000169231	13	0	0
ENSG00000075043	11	0	2
ENSG00000117013	13	0	0
ENSG00000170425	13	0	0
ENSG00000112640	13	0	0
ENSG00000150401	13	0	0
ENSG00000129625	10	1	2
ENSG00000168476	13	0	0
ENSG00000146215	13	0	0
ENSG00000172817	12	1	0
ENSG00000256463	12	0	1
ENSG00000103449	13	0	0
ENSG00000179361	13	0	0
ENSG00000168546	12	1	0
ENSG00000165688	11	1	1
ENSG00000105819	11	2	0
ENSG00000166377	12	1	0
ENSG00000196712	13	0	0
ENSG00000152234	13	0	0
ENSG00000141141	12	1	0
ENSG00000151806	13	0	0
ENSG00000124587	13	0	0
ENSG00000005075	7	6	0
ENSG00000161057	12	1	0
ENSG00000000419	12	1	0
ENSG00000117505	12	1	0
ENSG00000112118	12	1	0
ENSG00000108010	12	1	0
ENSG00000172992	13	0	0
ENSG00000171453	13	0	0
ENSG00000169718	11	1	1
ENSG00000170180	7	0	6
ENSG00000226742	8	0	5
ENSG00000144285	12	0	1
ENSG00000105409	13	0	0
ENSG00000196296	13	0	0
ENSG00000150054	12	1	0
ENSG00000171316	13	0	0
ENSG00000146828	13	0	0
ENSG00000143469	13	0	0
ENSG00000106351	12	0	1
ENSG00000162069	13	0	0
ENSG00000078487	12	1	0
ENSG00000124217	11	1	1
ENSG00000179335	13	0	0
ENSG00000176444	12	0	1
ENSG00000189056	12	0	1
ENSG00000160808	13	0	0
ENSG00000120913	12	1	0
ENSG00000225830	13	0	0
ENSG00000170667	12	1	0
ENSG00000106018	13	0	0
ENSG00000168385	13	0	0
ENSG00000235750	5	0	8
ENSG00000138472	7	0	6
ENSG00000169554	13	0	0
ENSG00000169750	11	1	1
ENSG00000197181	13	0	0
ENSG00000047056	12	1	0
ENSG00000133392	13	0	0
ENSG00000144821	12	0	1
ENSG00000117594	12	0	1
ENSG00000197321	12	1	0
ENSG00000146830	12	1	0
ENSG00000077080	13	0	0
ENSG00000117500	13	0	0
ENSG00000141526	13	0	0
ENSG00000153140	12	1	0
ENSG00000198589	9	4	0
ENSG00000172915	11	2	0
ENSG00000163625	13	0	0
ENSG00000128815	11	1	1
ENSG00000135655	12	1	0
ENSG00000101210	12	1	0
ENSG00000165568	12	1	0
ENSG00000185359	11	0	2
ENSG00000105732	11	0	2
ENSG00000167625	12	0	1
ENSG00000181408	10	0	3
ENSG00000101199	11	0	2
ENSG00000198807	13	0	0
ENSG00000007372	12	0	1
ENSG00000115604	13	0	0
ENSG00000115598	11	1	1
ENSG00000115594	13	0	0
ENSG00000115590	12	1	0
ENSG00000115602	12	0	1
ENSG00000138622	13	0	0
ENSG00000143630	13	0	0
ENSG00000133083	12	1	0
ENSG00000178363	9	0	4
ENSG00000178372	10	1	2
ENSG00000177732	5	0	8
ENSG00000128266	12	0	1
ENSG00000138623	12	0	1
ENSG00000121361	12	0	1
ENSG00000228146	11	0	2
ENSG00000137752	9	4	0
ENSG00000137757	10	3	0
ENSG00000113361	13	0	0
ENSG00000114455	10	0	3
ENSG00000103855	13	0	0
ENSG00000134258	13	0	0
ENSG00000112659	13	0	0
ENSG00000044090	13	0	0
ENSG00000136527	12	1	0
ENSG00000104388	11	0	2
ENSG00000060718	13	0	0
ENSG00000184922	13	0	0
ENSG00000166167	13	0	0
ENSG00000158856	13	0	0
ENSG00000174004	13	0	0
ENSG00000122483	12	1	0
ENSG00000185499	13	0	0
ENSG00000136327	12	0	1
ENSG00000157404	13	0	0
ENSG00000134853	12	1	0
ENSG00000160685	12	1	0
ENSG00000124702	13	0	0
ENSG00000206418	12	0	1
ENSG00000029534	13	0	0
ENSG00000128052	13	0	0
ENSG00000126217	12	0	1
ENSG00000115677	13	0	0
ENSG00000163166	12	0	1
ENSG00000176108	12	0	1
ENSG00000131094	13	0	0
ENSG00000146216	12	0	1
ENSG00000166068	13	0	0
ENSG00000067141	13	0	0
ENSG00000107779	13	0	0
ENSG00000147443	13	0	0
ENSG00000101134	12	1	0
ENSG00000156453	13	0	0
ENSG00000244486	11	1	1
ENSG00000164199	12	1	0
ENSG00000139842	12	1	0
ENSG00000151623	10	3	0
ENSG00000170153	11	1	1
ENSG00000196372	13	0	0
ENSG00000141551	13	0	0
ENSG00000162989	12	0	1
ENSG00000139835	12	0	1
ENSG00000052850	12	0	1
ENSG00000104903	9	1	3
ENSG00000148400	10	2	1
ENSG00000108953	12	1	0
ENSG00000005339	13	0	0
ENSG00000254709	0	13	0
ENSG00000079313	9	4	0
ENSG00000026559	13	0	0
ENSG00000158815	13	0	0
ENSG00000112715	12	0	1
ENSG00000112115	12	0	1
ENSG00000112116	13	0	0
ENSG00000172432	12	1	0
ENSG00000169126	11	2	0
ENSG00000160299	12	0	1
ENSG00000181513	13	0	0
ENSG00000152229	13	0	0
ENSG00000141542	9	4	0
ENSG00000130227	13	0	0
ENSG00000158863	13	0	0
ENSG00000108753	13	0	0
ENSG00000141580	12	1	0
ENSG00000181222	12	0	1
ENSG00000163354	12	0	1
ENSG00000163357	12	0	1
ENSG00000131650	12	0	1
ENSG00000182676	11	0	2
ENSG00000259224	11	1	1
ENSG00000122386	13	0	0
ENSG00000145216	13	0	0
ENSG00000130182	13	0	0
ENSG00000113360	12	1	0
ENSG00000079435	13	0	0
ENSG00000145730	13	0	0
ENSG00000261130	12	1	0
ENSG00000183032	13	0	0
ENSG00000163961	10	2	1
ENSG00000136709	13	0	0
ENSG00000099917	12	1	0
ENSG00000167619	13	0	0
ENSG00000172020	13	0	0
ENSG00000169683	12	0	1
ENSG00000205363	12	0	1
ENSG00000214087	11	0	2
ENSG00000177354	12	1	0
ENSG00000186314	12	0	1
ENSG00000160888	11	0	2
ENSG00000049540	9	0	4
ENSG00000171195	7	0	6
ENSG00000156140	12	0	1
ENSG00000143537	12	1	0
ENSG00000128805	11	1	1
ENSG00000138639	13	0	0
ENSG00000107249	11	1	1
ENSG00000163462	13	0	0
ENSG00000054598	6	3	4
ENSG00000183770	8	3	2
ENSG00000173848	13	0	0
ENSG00000105737	12	0	1
ENSG00000100034	13	0	0
ENSG00000161714	12	0	1
ENSG00000114166	12	1	0
ENSG00000178685	9	0	4
ENSG00000196411	13	0	0
ENSG00000085117	13	0	0
ENSG00000071054	13	0	0
ENSG00000101203	9	1	3
ENSG00000099910	12	1	0
ENSG00000106333	12	1	0
ENSG00000176769	9	3	1
ENSG00000077454	12	1	0
ENSG00000172354	12	1	0
ENSG00000169738	9	2	2
ENSG00000215644	11	0	2
ENSG00000213937	10	0	3
ENSG00000184697	12	1	0
ENSG00000087085	12	0	1
ENSG00000117595	12	1	0
ENSG00000196878	13	0	0
ENSG00000072163	13	0	0
ENSG00000130270	10	2	1
ENSG00000008118	13	0	0
ENSG00000120896	13	0	0
ENSG00000134020	11	1	1
ENSG00000148384	10	0	3
ENSG00000185651	12	1	0
ENSG00000109193	12	0	1
ENSG00000173597	12	1	0
ENSG00000070748	13	0	0
ENSG00000129910	13	0	0
ENSG00000135919	13	0	0
ENSG00000133101	12	1	0
ENSG00000184313	13	0	0
ENSG00000271723	13	0	0
ENSG00000134461	13	0	0
ENSG00000145723	13	0	0
ENSG00000116830	12	1	0
ENSG00000157540	12	1	0
ENSG00000128606	12	0	1
ENSG00000067208	12	1	0
ENSG00000140443	12	1	0
ENSG00000141568	12	1	0
ENSG00000057593	13	0	0
ENSG00000126218	13	0	0
ENSG00000126231	9	0	4
ENSG00000102554	13	0	0
ENSG00000103653	13	0	0
ENSG00000168702	10	2	1
ENSG00000160716	11	0	2
ENSG00000168487	13	0	0
ENSG00000076356	13	0	0
ENSG00000147606	13	0	0
ENSG00000105722	12	0	1
ENSG00000140465	13	0	0
ENSG00000140505	13	0	0
ENSG00000165606	13	0	0
ENSG00000121075	13	0	0
ENSG00000121068	13	0	0
ENSG00000104635	12	1	0
ENSG00000113555	13	0	0
ENSG00000008516	12	1	0
ENSG00000137204	12	0	1
ENSG00000188086	12	1	0
ENSG00000178055	9	4	0
ENSG00000261603	10	2	1
ENSG00000129009	11	2	0
ENSG00000167178	11	0	2
ENSG00000170615	13	0	0
ENSG00000028277	12	0	1
ENSG00000069431	12	0	1
ENSG00000183048	12	0	1
ENSG00000262660	12	0	1
ENSG00000144278	12	0	1
ENSG00000079385	2	9	2
ENSG00000124469	2	9	2
ENSG00000112655	13	0	0
ENSG00000140459	12	0	1
ENSG00000129911	4	0	9
ENSG00000114062	13	0	0
ENSG00000171462	12	1	0
ENSG00000206549	12	1	0
ENSG00000187240	9	0	4
ENSG00000141837	13	0	0
ENSG00000120088	12	1	0
ENSG00000160801	13	0	0
ENSG00000170248	13	0	0
ENSG00000139304	10	2	1
ENSG00000102452	12	1	0
ENSG00000163673	13	0	0
ENSG00000161040	12	0	1
ENSG00000172575	13	0	0
ENSG00000196326	5	4	4
ENSG00000151632	2	11	0
ENSG00000196139	2	11	0
ENSG00000187134	2	11	0
ENSG00000198610	2	11	0
ENSG00000160877	13	0	0
ENSG00000181722	12	1	0
ENSG00000120332	12	1	0
ENSG00000087077	12	0	1
ENSG00000185252	8	1	4
ENSG00000169994	12	0	1
ENSG00000165383	12	0	1
ENSG00000188992	10	0	3
ENSG00000140474	13	0	0
ENSG00000143507	13	0	0
ENSG00000147324	11	1	1
ENSG00000085644	11	0	2
ENSG00000118922	13	0	0
ENSG00000144230	12	0	1
ENSG00000005001	10	0	3
ENSG00000204169	1	4	8
ENSG00000174194	1	4	8
ENSG00000168124	4	7	2
ENSG00000173273	13	0	0
ENSG00000065183	13	0	0
ENSG00000142173	12	1	0
ENSG00000142156	13	0	0
ENSG00000162390	11	1	1
ENSG00000185272	12	1	0
ENSG00000013561	12	1	0
ENSG00000124574	12	1	0
ENSG00000176715	12	1	0
ENSG00000178462	12	1	0
