ENSG00000104093	12	1	0
ENSG00000105298	9	2	2
ENSG00000013306	11	2	0
ENSG00000145321	13	0	0
ENSG00000114638	12	0	1
ENSG00000105948	13	0	0
ENSG00000143740	12	1	0
ENSG00000163006	13	0	0
ENSG00000050165	13	0	0
ENSG00000267987	3	0	10
ENSG00000108270	13	0	0
ENSG00000065268	13	0	0
ENSG00000159131	12	1	0
ENSG00000126749	12	0	1
ENSG00000100445	13	0	0
ENSG00000118518	11	2	0
ENSG00000212734	1	0	12
ENSG00000163945	12	0	1
ENSG00000264364	12	1	0
ENSG00000273045	4	0	9
ENSG00000159147	12	1	0
ENSG00000148926	13	0	0
ENSG00000179119	12	1	0
ENSG00000170091	11	1	1
ENSG00000155115	12	1	0
ENSG00000138709	9	4	0
ENSG00000082898	13	0	0
ENSG00000118689	13	0	0
ENSG00000204060	9	1	3
ENSG00000163705	10	1	2
ENSG00000118690	13	0	0
ENSG00000183283	13	0	0
ENSG00000110696	9	2	2
ENSG00000145287	13	0	0
ENSG00000005486	13	0	0
ENSG00000124225	12	0	1
ENSG00000116857	12	1	0
ENSG00000111667	13	0	0
ENSG00000107960	13	0	0
ENSG00000158825	11	1	1
ENSG00000110200	10	2	1
ENSG00000130023	11	2	0
ENSG00000170791	11	0	2
ENSG00000147586	11	0	2
ENSG00000163116	10	1	2
ENSG00000134371	12	1	0
ENSG00000107518	13	0	0
ENSG00000180992	12	1	0
ENSG00000267849	2	0	11
ENSG00000102878	13	0	0
ENSG00000183617	11	0	2
ENSG00000158828	12	1	0
ENSG00000116288	11	2	0
ENSG00000116668	12	0	1
ENSG00000111845	13	0	0
ENSG00000100605	13	0	0
ENSG00000129221	13	0	0
ENSG00000135045	12	0	1
ENSG00000176532	12	0	1
ENSG00000131791	13	0	0
ENSG00000171735	11	1	1
ENSG00000235376	12	1	0
ENSG00000158321	12	1	0
ENSG00000188487	13	0	0
ENSG00000152601	13	0	0
ENSG00000003509	13	0	0
ENSG00000166183	10	1	2
ENSG00000085231	5	1	7
ENSG00000155926	12	1	0
ENSG00000115159	13	0	0
ENSG00000214435	11	1	1
ENSG00000010610	11	1	1
ENSG00000163539	12	1	0
ENSG00000183662	11	0	2
ENSG00000054796	13	0	0
ENSG00000140471	12	0	1
ENSG00000269879	0	0	13
ENSG00000066427	9	4	0
ENSG00000104419	13	0	0
ENSG00000100889	13	0	0
ENSG00000124253	13	0	0
ENSG00000160404	13	0	0
ENSG00000102543	12	1	0
ENSG00000189367	10	0	3
ENSG00000025796	13	0	0
ENSG00000102871	13	0	0
ENSG00000184992	13	0	0
ENSG00000144040	12	1	0
ENSG00000156398	11	2	0
ENSG00000076641	13	0	0
ENSG00000227729	8	0	5
ENSG00000205269	13	0	0
ENSG00000132294	11	2	0
ENSG00000113407	13	0	0
ENSG00000110987	13	0	0
ENSG00000166881	12	1	0
ENSG00000159720	13	0	0
ENSG00000163161	12	0	1
ENSG00000185340	13	0	0
ENSG00000112759	12	0	1
ENSG00000124256	12	0	1
ENSG00000133943	11	0	2
ENSG00000172878	13	0	0
ENSG00000132819	10	2	1
ENSG00000020426	12	1	0
ENSG00000138495	9	3	1
ENSG00000148842	12	1	0
ENSG00000168763	11	0	2
ENSG00000158158	13	0	0
ENSG00000250317	9	2	2
ENSG00000070010	11	2	0
ENSG00000179941	13	0	0
ENSG00000117154	13	0	0
ENSG00000127463	13	0	0
ENSG00000242259	13	0	0
ENSG00000121577	13	0	0
ENSG00000119632	6	4	3
ENSG00000165949	6	6	1
ENSG00000165948	6	6	1
ENSG00000197851	3	0	10
ENSG00000182389	13	0	0
ENSG00000130598	11	0	2
ENSG00000159173	13	0	0
ENSG00000022976	12	1	0
ENSG00000182199	12	1	0
ENSG00000064102	12	0	1
ENSG00000152969	12	1	0
ENSG00000132746	10	2	1
ENSG00000072210	12	1	0
ENSG00000108602	12	0	1
ENSG00000180116	13	0	0
ENSG00000053328	13	0	0
ENSG00000083099	13	0	0
ENSG00000183833	12	1	0
ENSG00000115828	12	1	0
ENSG00000152092	13	0	0
ENSG00000110315	13	0	0
ENSG00000138674	13	0	0
ENSG00000183814	13	0	0
ENSG00000181215	13	0	0
ENSG00000169194	13	0	0
ENSG00000008988	11	2	0
ENSG00000180336	13	0	0
ENSG00000196979	2	0	11
ENSG00000040487	13	0	0
ENSG00000146281	13	0	0
ENSG00000179855	9	0	4
ENSG00000175203	12	1	0
ENSG00000104427	13	0	0
ENSG00000250644	9	2	2
ENSG00000244242	9	2	2
ENSG00000196290	10	3	0
ENSG00000023572	12	0	1
ENSG00000104435	13	0	0
ENSG00000174948	13	0	0
ENSG00000221949	1	0	12
ENSG00000138443	12	1	0
ENSG00000108798	13	0	0
ENSG00000083635	13	0	0
ENSG00000158125	12	1	0
ENSG00000138356	10	3	0
ENSG00000167113	12	1	0
ENSG00000171790	12	0	1
ENSG00000173208	13	0	0
ENSG00000137496	12	0	1
ENSG00000164405	11	1	1
ENSG00000255526	11	0	2
ENSG00000213920	11	0	2
ENSG00000110801	13	0	0
ENSG00000256950	13	0	0
ENSG00000121152	11	2	0
ENSG00000118434	13	0	0
ENSG00000254598	12	1	0
ENSG00000187024	13	0	0
ENSG00000056586	11	2	0
ENSG00000133028	12	1	0
ENSG00000009765	13	0	0
ENSG00000102547	13	0	0
ENSG00000134444	13	0	0
ENSG00000214517	12	1	0
ENSG00000196123	11	2	0
ENSG00000104432	13	0	0
ENSG00000147889	8	0	5
ENSG00000147883	10	1	2
ENSG00000167094	12	1	0
ENSG00000100601	13	0	0
ENSG00000053900	12	1	0
ENSG00000148965	11	1	1
ENSG00000173432	0	12	1
ENSG00000134339	0	12	1
ENSG00000166451	12	0	1
ENSG00000137274	12	0	1
ENSG00000000460	13	0	0
ENSG00000269210	4	0	9
ENSG00000188674	13	0	0
ENSG00000173083	13	0	0
ENSG00000184530	12	1	0
ENSG00000087253	13	0	0
ENSG00000162545	8	0	5
ENSG00000185344	12	0	1
ENSG00000105929	13	0	0
ENSG00000196943	13	0	0
ENSG00000157470	13	0	0
ENSG00000135476	13	0	0
ENSG00000254505	5	1	7
ENSG00000089693	12	1	0
ENSG00000157765	13	0	0
ENSG00000183648	8	0	5
ENSG00000124103	9	4	0
ENSG00000213714	9	4	0
ENSG00000249961	11	0	2
ENSG00000148187	12	1	0
ENSG00000119669	12	0	1
ENSG00000198730	13	0	0
ENSG00000167118	13	0	0
ENSG00000169020	9	3	1
ENSG00000143185	8	5	0
ENSG00000143184	8	5	0
ENSG00000054965	13	0	0
ENSG00000135956	12	1	0
ENSG00000155755	13	0	0
ENSG00000168214	12	1	0
ENSG00000136854	13	0	0
ENSG00000111678	12	1	0
ENSG00000181778	13	0	0
ENSG00000159166	12	1	0
ENSG00000066084	13	0	0
ENSG00000129083	12	1	0
ENSG00000125995	10	2	1
ENSG00000156017	13	0	0
ENSG00000166848	12	1	0
ENSG00000258484	11	0	2
ENSG00000111269	12	0	1
ENSG00000103150	12	0	1
ENSG00000260300	12	0	1
ENSG00000215475	10	2	1
ENSG00000104112	13	0	0
ENSG00000119720	13	0	0
ENSG00000161653	13	0	0
ENSG00000104714	13	0	0
ENSG00000177058	13	0	0
ENSG00000108823	13	0	0
ENSG00000136167	13	0	0
ENSG00000120756	13	0	0
ENSG00000156469	12	1	0
ENSG00000165060	11	1	1
ENSG00000136541	13	0	0
ENSG00000116729	13	0	0
ENSG00000175874	13	0	0
ENSG00000175575	10	1	2
ENSG00000110675	13	0	0
ENSG00000133112	10	3	0
ENSG00000116747	12	0	1
ENSG00000008869	13	0	0
ENSG00000135390	10	3	0
ENSG00000154518	10	3	0
ENSG00000214694	13	0	0
ENSG00000053372	9	4	0
ENSG00000175785	13	0	0
ENSG00000123219	12	1	0
ENSG00000133863	11	2	0
ENSG00000151470	12	0	1
ENSG00000175197	13	0	0
ENSG00000166886	12	1	0
ENSG00000158435	13	0	0
ENSG00000197601	12	1	0
ENSG00000115816	13	0	0
ENSG00000162959	11	1	1
ENSG00000239305	11	1	1
ENSG00000100591	11	2	0
ENSG00000163424	12	0	1
ENSG00000175536	12	1	0
ENSG00000129292	9	3	1
ENSG00000127399	10	0	3
ENSG00000104660	13	0	0
ENSG00000110911	9	3	1
ENSG00000214226	12	0	1
ENSG00000100577	13	0	0
ENSG00000170266	12	1	0
ENSG00000188010	13	0	0
ENSG00000140961	11	0	2
ENSG00000135454	13	0	0
ENSG00000167080	13	0	0
ENSG00000152147	13	0	0
ENSG00000100908	12	0	1
ENSG00000180891	12	1	0
ENSG00000124827	12	0	1
ENSG00000249481	11	0	2
ENSG00000173085	13	0	0
ENSG00000172840	13	0	0
ENSG00000164951	13	0	0
ENSG00000127311	13	0	0
ENSG00000100934	12	1	0
ENSG00000197958	6	7	0
ENSG00000101558	13	0	0
ENSG00000101596	9	4	0
ENSG00000161654	12	1	0
ENSG00000111328	11	1	1
ENSG00000089723	13	0	0
ENSG00000140006	12	1	0
ENSG00000128791	13	0	0
ENSG00000128708	13	0	0
ENSG00000151117	13	0	0
ENSG00000125863	13	0	0
ENSG00000184047	10	2	1
ENSG00000197498	11	2	0
ENSG00000109618	12	1	0
ENSG00000005812	13	0	0
ENSG00000142188	11	1	1
ENSG00000153485	11	2	0
ENSG00000108950	13	0	0
ENSG00000162927	13	0	0
ENSG00000104687	11	1	1
ENSG00000184470	13	0	0
ENSG00000168676	13	0	0
ENSG00000165555	12	0	1
ENSG00000087206	13	0	0
ENSG00000114982	13	0	0
ENSG00000140153	12	1	0
ENSG00000173868	13	0	0
ENSG00000123096	12	0	1
ENSG00000023697	12	1	0
ENSG00000135334	13	0	0
ENSG00000164109	12	1	0
ENSG00000148925	13	0	0
ENSG00000203685	11	0	2
ENSG00000213614	13	0	0
ENSG00000049860	11	2	0
ENSG00000112308	13	0	0
ENSG00000167230	11	0	2
ENSG00000129195	12	1	0
ENSG00000168701	13	0	0
ENSG00000162929	11	1	1
ENSG00000133805	13	0	0
ENSG00000133962	12	0	1
ENSG00000100209	11	1	1
ENSG00000126814	13	0	0
ENSG00000177692	12	1	0
ENSG00000198700	13	0	0
ENSG00000135720	13	0	0
ENSG00000077585	12	1	0
ENSG00000142182	12	1	0
ENSG00000055211	13	0	0
ENSG00000133114	12	1	0
ENSG00000212916	11	0	2
ENSG00000181924	10	1	2
ENSG00000268467	3	0	10
ENSG00000175538	13	0	0
ENSG00000173145	13	0	0
ENSG00000198797	13	0	0
ENSG00000149273	12	1	0
ENSG00000119705	11	2	0
ENSG00000134480	12	1	0
ENSG00000123268	13	0	0
ENSG00000187079	13	0	0
ENSG00000115806	13	0	0
ENSG00000064115	12	0	1
ENSG00000163950	11	1	1
ENSG00000123349	12	1	0
ENSG00000113387	13	0	0
ENSG00000162961	13	0	0
ENSG00000164366	13	0	0
ENSG00000185482	13	0	0
ENSG00000153443	10	1	2
ENSG00000144182	11	0	2
ENSG00000198331	13	0	0
ENSG00000198855	12	1	0
ENSG00000159348	13	0	0
ENSG00000119421	13	0	0
ENSG00000166046	12	1	0
ENSG00000128482	11	0	2
ENSG00000119787	13	0	0
ENSG00000095370	13	0	0
ENSG00000158113	12	1	0
ENSG00000181610	11	2	0
ENSG00000173705	12	0	1
ENSG00000135587	13	0	0
ENSG00000130511	12	0	1
ENSG00000165929	12	1	0
ENSG00000163444	10	3	0
ENSG00000175854	11	2	0
ENSG00000186188	13	0	0
ENSG00000187824	13	0	0
ENSG00000217128	11	1	1
ENSG00000175093	12	0	1
ENSG00000171621	12	0	1
ENSG00000111671	9	1	3
ENSG00000269383	3	8	2
ENSG00000075239	13	0	0
ENSG00000094914	12	1	0
ENSG00000151023	11	0	2
ENSG00000135709	13	0	0
ENSG00000158636	13	0	0
ENSG00000153044	13	0	0
ENSG00000093009	12	1	0
ENSG00000197702	13	0	0
ENSG00000118961	13	0	0
ENSG00000171530	11	2	0
ENSG00000198920	13	0	0
ENSG00000103154	10	0	3
ENSG00000107882	12	1	0
ENSG00000155158	13	0	0
ENSG00000159055	12	0	1
ENSG00000147862	13	0	0
ENSG00000100060	13	0	0
ENSG00000102858	12	1	0
ENSG00000081059	13	0	0
ENSG00000177917	13	0	0
ENSG00000124532	13	0	0
ENSG00000118200	13	0	0
ENSG00000196636	12	1	0
ENSG00000108819	11	0	2
ENSG00000158528	10	1	2
ENSG00000167100	12	0	1
ENSG00000102805	13	0	0
ENSG00000198865	13	0	0
ENSG00000170545	13	0	0
ENSG00000127952	13	0	0
ENSG00000160075	8	5	0
ENSG00000255537	1	0	12
ENSG00000185608	11	1	1
ENSG00000188167	5	0	8
ENSG00000139637	13	0	0
ENSG00000129167	13	0	0
ENSG00000188343	12	1	0
ENSG00000112282	11	2	0
ENSG00000100603	11	2	0
ENSG00000145675	12	1	0
ENSG00000038210	12	1	0
ENSG00000179008	12	1	0
ENSG00000189043	9	4	0
ENSG00000185633	11	1	1
ENSG00000110195	8	5	0
ENSG00000165457	11	2	0
ENSG00000110203	4	0	9
ENSG00000175868	8	5	0
ENSG00000110680	12	1	0
ENSG00000164953	12	1	0
ENSG00000160741	11	2	0
ENSG00000163714	12	1	0
ENSG00000095303	13	0	0
ENSG00000131096	11	0	2
ENSG00000203872	13	0	0
ENSG00000139182	12	1	0
ENSG00000158411	13	0	0
ENSG00000171951	13	0	0
ENSG00000022277	13	0	0
ENSG00000133935	11	1	1
ENSG00000166896	13	0	0
ENSG00000071967	13	0	0
ENSG00000123975	10	2	1
ENSG00000123178	13	0	0
ENSG00000160124	10	2	1
ENSG00000168589	12	0	1
ENSG00000254999	9	2	2
ENSG00000165071	12	1	0
ENSG00000162139	13	0	0
ENSG00000135972	11	2	0
ENSG00000168924	13	0	0
ENSG00000165046	13	0	0
ENSG00000101577	12	0	1
ENSG00000155744	13	0	0
ENSG00000184154	10	0	3
ENSG00000093010	12	1	0
ENSG00000213585	12	1	0
ENSG00000135336	13	0	0
ENSG00000100918	13	0	0
ENSG00000205765	12	1	0
ENSG00000005810	13	0	0
ENSG00000146374	13	0	0
ENSG00000061656	12	1	0
ENSG00000205309	12	1	0
ENSG00000152382	13	0	0
ENSG00000140905	11	2	0
ENSG00000111850	12	1	0
ENSG00000226524	12	1	0
ENSG00000163915	3	0	10
ENSG00000197265	13	0	0
ENSG00000123505	8	5	0
ENSG00000167904	12	1	0
ENSG00000146049	3	0	10
ENSG00000133958	12	0	1
ENSG00000180822	12	1	0
ENSG00000154330	12	0	1
ENSG00000165548	13	0	0
ENSG00000137216	13	0	0
ENSG00000139684	10	2	1
ENSG00000173818	12	1	0
ENSG00000146085	12	1	0
ENSG00000183891	13	0	0
ENSG00000111305	12	0	1
ENSG00000091947	13	0	0
ENSG00000161664	12	0	1
ENSG00000008394	12	1	0
ENSG00000184465	13	0	0
ENSG00000187581	5	0	8
ENSG00000135775	13	0	0
ENSG00000115468	12	1	0
ENSG00000119650	13	0	0
ENSG00000090432	13	0	0
ENSG00000132639	12	1	0
ENSG00000129235	12	0	1
ENSG00000087152	9	4	0
ENSG00000148843	12	1	0
ENSG00000135346	13	0	0
ENSG00000151778	8	0	5
ENSG00000075035	13	0	0
ENSG00000164898	8	0	5
ENSG00000081087	13	0	0
ENSG00000149308	13	0	0
ENSG00000120549	13	0	0
ENSG00000171793	13	0	0
ENSG00000151779	12	1	0
ENSG00000100249	10	1	2
ENSG00000111863	11	2	0
ENSG00000138413	12	1	0
ENSG00000138111	13	0	0
ENSG00000168228	12	1	0
ENSG00000082153	13	0	0
ENSG00000171053	7	0	6
ENSG00000182544	12	1	0
ENSG00000113558	2	10	1
ENSG00000272772	3	8	2
ENSG00000071246	13	0	0
ENSG00000102471	12	0	1
ENSG00000183597	12	1	0
ENSG00000130921	12	1	0
ENSG00000132465	13	0	0
ENSG00000198382	12	1	0
ENSG00000113742	13	0	0
ENSG00000119392	12	1	0
ENSG00000156467	11	1	1
ENSG00000149179	12	1	0
ENSG00000034713	11	2	0
ENSG00000182400	13	0	0
ENSG00000175581	11	2	0
ENSG00000162129	13	0	0
ENSG00000139233	12	0	1
ENSG00000180758	11	0	2
ENSG00000139173	13	0	0
ENSG00000111652	12	1	0
ENSG00000137522	13	0	0
ENSG00000166454	10	2	1
ENSG00000118960	11	1	1
ENSG00000078902	12	0	1
ENSG00000113520	13	0	0
ENSG00000205758	11	1	1
ENSG00000111358	12	0	1
ENSG00000137486	13	0	0
ENSG00000126773	13	0	0
ENSG00000185264	11	0	2
ENSG00000141959	13	0	0
ENSG00000135537	12	1	0
ENSG00000168936	11	0	2
ENSG00000111669	12	1	0
ENSG00000068697	13	0	0
ENSG00000158023	11	2	0
ENSG00000133872	13	0	0
ENSG00000164400	13	0	0
ENSG00000168350	12	1	0
ENSG00000164406	12	0	1
ENSG00000136193	12	0	1
ENSG00000111843	5	8	0
ENSG00000137210	5	8	0
ENSG00000131979	11	1	1
ENSG00000112293	13	0	0
ENSG00000132846	6	0	7
ENSG00000034053	13	0	0
ENSG00000011132	12	0	1
ENSG00000107282	13	0	0
ENSG00000120458	13	0	0
ENSG00000118194	13	0	0
ENSG00000130595	12	0	1
ENSG00000181690	13	0	0
ENSG00000123066	13	0	0
ENSG00000100263	13	0	0
ENSG00000162981	11	0	2
ENSG00000272442	5	0	8
ENSG00000178233	8	0	5
ENSG00000119446	13	0	0
ENSG00000092208	12	1	0
ENSG00000113845	12	0	1
ENSG00000164258	13	0	0
ENSG00000151135	13	0	0
ENSG00000112304	12	0	1
ENSG00000139197	12	1	0
ENSG00000151445	13	0	0
ENSG00000189308	13	0	0
ENSG00000021300	13	0	0
ENSG00000015153	12	0	1
ENSG00000124237	13	0	0
ENSG00000168591	13	0	0
ENSG00000011114	12	1	0
ENSG00000118007	10	3	0
ENSG00000214128	12	0	1
ENSG00000102890	13	0	0
ENSG00000178397	8	0	5
ENSG00000138738	13	0	0
ENSG00000111802	11	2	0
ENSG00000138698	13	0	0
ENSG00000156110	12	1	0
ENSG00000134086	8	2	3
ENSG00000137266	13	0	0
ENSG00000165914	11	2	0
ENSG00000151876	13	0	0
ENSG00000173040	13	0	0
ENSG00000113460	13	0	0
ENSG00000186648	13	0	0
ENSG00000107874	12	0	1
ENSG00000140307	13	0	0
ENSG00000170222	13	0	0
ENSG00000111961	13	0	0
ENSG00000111785	13	0	0
ENSG00000175216	13	0	0
ENSG00000166329	11	0	2
ENSG00000169752	12	0	1
ENSG00000181904	13	0	0
ENSG00000159713	11	0	2
ENSG00000180329	12	1	0
ENSG00000165714	13	0	0
ENSG00000139574	12	0	1
ENSG00000249209	11	2	0
ENSG00000110768	12	1	0
ENSG00000108599	13	0	0
ENSG00000153310	13	0	0
ENSG00000116786	13	0	0
ENSG00000066336	12	1	0
ENSG00000115942	13	0	0
ENSG00000134910	13	0	0
ENSG00000113597	12	1	0
ENSG00000077514	12	1	0
ENSG00000152154	13	0	0
ENSG00000205084	13	0	0
ENSG00000260092	13	0	0
ENSG00000145839	12	0	1
ENSG00000172733	13	0	0
ENSG00000187866	9	0	4
ENSG00000145826	13	0	0
ENSG00000173915	8	4	1
ENSG00000163273	12	1	0
ENSG00000110925	12	0	1
ENSG00000108590	12	1	0
ENSG00000121552	10	3	0
ENSG00000115514	12	1	0
ENSG00000110660	12	1	0
ENSG00000136152	12	1	0
ENSG00000102794	11	1	1
ENSG00000180638	11	2	0
ENSG00000142494	13	0	0
ENSG00000100865	12	1	0
ENSG00000136003	11	2	0
ENSG00000119285	12	1	0
ENSG00000270316	13	0	0
ENSG00000166275	13	0	0
ENSG00000020577	12	0	1
ENSG00000182379	11	1	1
ENSG00000181982	13	0	0
ENSG00000109680	13	0	0
ENSG00000072840	13	0	0
ENSG00000136026	12	0	1
ENSG00000128191	13	0	0
ENSG00000076554	13	0	0
ENSG00000125149	12	1	0
ENSG00000164615	12	1	0
ENSG00000135643	12	0	1
ENSG00000124608	12	0	1
ENSG00000099957	12	1	0
ENSG00000079459	13	0	0
ENSG00000213204	13	0	0
ENSG00000272514	13	0	0
ENSG00000166435	12	1	0
ENSG00000188342	11	2	0
ENSG00000143543	11	0	2
ENSG00000189079	13	0	0
ENSG00000203667	10	0	3
ENSG00000136280	13	0	0
ENSG00000108231	12	1	0
ENSG00000153012	12	1	0
ENSG00000106538	13	0	0
ENSG00000134283	11	2	0
ENSG00000101574	13	0	0
ENSG00000123297	13	0	0
ENSG00000152684	11	0	2
ENSG00000167858	13	0	0
ENSG00000163535	12	1	0
ENSG00000112312	13	0	0
ENSG00000149346	13	0	0
ENSG00000050393	13	0	0
ENSG00000161091	11	0	2
ENSG00000116717	12	0	1
ENSG00000130222	13	0	0
ENSG00000123395	12	0	1
ENSG00000115947	13	0	0
ENSG00000143951	13	0	0
ENSG00000139697	13	0	0
ENSG00000143801	13	0	0
ENSG00000128923	12	1	0
ENSG00000146701	12	1	0
ENSG00000184682	8	0	5
ENSG00000182704	13	0	0
ENSG00000156411	10	1	2
ENSG00000185414	11	2	0
ENSG00000241962	11	2	0
ENSG00000273155	11	2	0
ENSG00000149357	12	0	1
ENSG00000174579	13	0	0
ENSG00000178882	11	0	2
ENSG00000156127	13	0	0
ENSG00000162928	13	0	0
ENSG00000183155	11	1	1
ENSG00000233670	11	0	2
ENSG00000103121	11	1	1
ENSG00000135900	13	0	0
ENSG00000124813	13	0	0
ENSG00000144554	12	1	0
ENSG00000121481	12	1	0
ENSG00000113525	13	0	0
ENSG00000164253	13	0	0
ENSG00000100387	9	1	3
ENSG00000104044	13	0	0
ENSG00000119125	13	0	0
ENSG00000160883	13	0	0
ENSG00000175215	11	2	0
ENSG00000250510	10	0	3
ENSG00000166455	12	0	1
ENSG00000055917	13	0	0
ENSG00000134644	13	0	0
ENSG00000165434	13	0	0
ENSG00000244038	13	0	0
ENSG00000126821	13	0	0
ENSG00000099256	11	1	1
ENSG00000136045	12	1	0
ENSG00000089692	12	1	0
ENSG00000143799	13	0	0
ENSG00000111665	12	1	0
ENSG00000071539	11	1	1
ENSG00000143772	12	1	0
ENSG00000134056	9	3	1
ENSG00000170417	13	0	0
ENSG00000136717	12	1	0
ENSG00000110934	12	0	1
ENSG00000197563	13	0	0
ENSG00000012963	13	0	0
ENSG00000259066	13	0	0
ENSG00000185674	12	1	0
ENSG00000144214	9	1	3
ENSG00000149557	12	1	0
ENSG00000128185	8	4	1
ENSG00000146151	13	0	0
ENSG00000166595	12	1	0
ENSG00000165355	12	1	0
ENSG00000185013	13	0	0
ENSG00000250741	13	0	0
ENSG00000134375	10	2	1
ENSG00000148690	13	0	0
ENSG00000037897	13	0	0
ENSG00000204334	12	1	0
ENSG00000139737	13	0	0
ENSG00000174373	11	1	1
ENSG00000103197	13	0	0
ENSG00000104671	11	2	0
ENSG00000077549	13	0	0
ENSG00000111790	12	0	1
ENSG00000204671	10	0	3
ENSG00000185681	12	0	1
ENSG00000104324	12	1	0
ENSG00000101019	12	1	0
ENSG00000067955	12	0	1
ENSG00000100796	12	1	0
ENSG00000155754	12	1	0
ENSG00000127922	12	1	0
ENSG00000119888	12	1	0
ENSG00000128513	10	3	0
ENSG00000050426	12	0	1
ENSG00000188243	13	0	0
ENSG00000080986	12	1	0
ENSG00000105655	11	0	2
ENSG00000066455	13	0	0
ENSG00000164362	13	0	0
ENSG00000136305	12	1	0
ENSG00000152266	13	0	0
ENSG00000185838	11	1	1
ENSG00000149547	12	1	0
ENSG00000203797	13	0	0
ENSG00000113522	13	0	0
ENSG00000100593	10	1	2
ENSG00000160226	12	0	1
ENSG00000177688	2	11	0
ENSG00000164283	12	1	0
ENSG00000148082	12	0	1
ENSG00000185127	8	2	3
ENSG00000164175	13	0	0
ENSG00000162426	13	0	0
ENSG00000126705	13	0	0
ENSG00000072682	13	0	0
ENSG00000149380	13	0	0
ENSG00000176142	13	0	0
ENSG00000146592	8	3	2
ENSG00000115966	13	0	0
ENSG00000170653	12	1	0
ENSG00000267281	12	1	0
ENSG00000153187	13	0	0
ENSG00000172348	13	0	0
ENSG00000164684	13	0	0
ENSG00000125319	13	0	0
ENSG00000092330	12	0	1
ENSG00000204850	3	0	10
ENSG00000205090	6	0	7
ENSG00000204183	6	0	7
ENSG00000140950	13	0	0
ENSG00000183955	10	3	0
ENSG00000089916	13	0	0
ENSG00000253457	5	0	8
ENSG00000205086	2	0	11
ENSG00000269657	1	0	12
ENSG00000196166	2	0	11
ENSG00000167654	12	0	1
ENSG00000134146	13	0	0
ENSG00000265690	13	0	0
ENSG00000135722	13	0	0
ENSG00000145103	13	0	0
ENSG00000119242	12	1	0
ENSG00000179240	7	0	6
ENSG00000170500	11	1	1
ENSG00000124588	13	0	0
ENSG00000136274	10	2	1
ENSG00000134363	13	0	0
ENSG00000145390	13	0	0
ENSG00000116096	11	2	0
ENSG00000100151	12	0	1
ENSG00000113389	13	0	0
ENSG00000100079	13	0	0
ENSG00000091073	13	0	0
ENSG00000178498	12	1	0
ENSG00000169499	13	0	0
ENSG00000113583	13	0	0
ENSG00000144893	11	2	0
ENSG00000132464	13	0	0
ENSG00000081913	13	0	0
ENSG00000198740	13	0	0
ENSG00000118363	12	1	0
ENSG00000179912	10	2	1
ENSG00000258830	0	1	12
ENSG00000143157	13	0	0
ENSG00000152133	12	0	1
ENSG00000152942	11	2	0
ENSG00000154146	11	0	2
ENSG00000174307	7	0	6
ENSG00000139289	13	0	0
ENSG00000145293	11	1	1
ENSG00000171843	12	1	0
ENSG00000183323	11	1	1
ENSG00000080546	13	0	0
ENSG00000171045	9	0	4
ENSG00000030582	13	0	0
ENSG00000212998	4	0	9
ENSG00000214842	12	0	1
ENSG00000187109	9	4	0
ENSG00000111859	12	1	0
ENSG00000087589	13	0	0
ENSG00000187742	12	1	0
ENSG00000111913	13	0	0
ENSG00000168993	8	0	5
ENSG00000269690	8	0	5
ENSG00000215462	3	0	10
ENSG00000170270	10	2	1
ENSG00000077150	12	1	0
ENSG00000116745	13	0	0
ENSG00000080166	13	0	0
ENSG00000155957	12	1	0
ENSG00000228144	12	1	0
ENSG00000008405	13	0	0
ENSG00000135452	13	0	0
ENSG00000167612	13	0	0
ENSG00000157110	13	0	0
ENSG00000113456	12	1	0
ENSG00000119004	13	0	0
ENSG00000132467	12	0	1
ENSG00000051825	12	1	0
ENSG00000162460	12	1	0
ENSG00000120055	3	0	10
ENSG00000197665	1	1	11
ENSG00000230493	1	1	11
ENSG00000218739	9	0	4
ENSG00000103569	13	0	0
ENSG00000169495	12	1	0
ENSG00000134531	12	0	1
ENSG00000092010	10	3	0
ENSG00000100911	9	4	0
ENSG00000196843	13	0	0
ENSG00000134323	13	0	0
ENSG00000165966	13	0	0
ENSG00000152377	12	1	0
ENSG00000158555	12	0	1
ENSG00000141349	13	0	0
ENSG00000049246	11	0	2
ENSG00000178996	12	1	0
ENSG00000107372	11	1	1
ENSG00000116750	12	1	0
ENSG00000151233	12	0	1
ENSG00000113761	13	0	0
ENSG00000118939	10	3	0
ENSG00000137478	13	0	0
ENSG00000128309	13	0	0
ENSG00000128311	11	0	2
ENSG00000106733	13	0	0
ENSG00000077009	10	0	3
ENSG00000100697	13	0	0
ENSG00000171680	13	0	0
ENSG00000123095	11	0	2
ENSG00000146038	13	0	0
ENSG00000139746	13	0	0
ENSG00000241360	10	0	3
ENSG00000168724	12	1	0
ENSG00000137434	9	1	3
ENSG00000138207	13	0	0
ENSG00000183114	10	0	3
ENSG00000110060	12	1	0
ENSG00000065057	12	0	1
ENSG00000143891	13	0	0
ENSG00000214530	11	1	1
ENSG00000164172	11	1	1
ENSG00000106025	13	0	0
ENSG00000134574	12	1	0
ENSG00000177614	13	0	0
ENSG00000119698	13	0	0
ENSG00000138180	13	0	0
ENSG00000163331	13	0	0
ENSG00000099940	12	1	0
ENSG00000166788	12	0	1
ENSG00000168014	13	0	0
ENSG00000165553	13	0	0
ENSG00000198894	13	0	0
ENSG00000259164	13	0	0
ENSG00000100365	12	0	1
ENSG00000177294	13	0	0
ENSG00000189410	13	0	0
ENSG00000196844	11	0	2
ENSG00000100368	11	2	0
ENSG00000174015	13	0	0
ENSG00000136732	11	1	1
ENSG00000204640	11	0	2
ENSG00000100385	12	1	0
ENSG00000140939	11	0	2
ENSG00000140067	10	1	2
ENSG00000125975	11	0	2
ENSG00000215012	6	0	7
ENSG00000188707	6	0	7
ENSG00000143578	13	0	0
ENSG00000182158	13	0	0
ENSG00000151247	12	1	0
ENSG00000135930	10	3	0
ENSG00000111291	13	0	0
ENSG00000013588	13	0	0
ENSG00000142864	13	0	0
ENSG00000140280	13	0	0
ENSG00000082701	13	0	0
ENSG00000141664	11	1	1
ENSG00000106080	12	1	0
ENSG00000138172	13	0	0
ENSG00000185933	13	0	0
ENSG00000183128	12	0	1
ENSG00000108840	13	0	0
ENSG00000152056	13	0	0
ENSG00000206579	11	2	0
ENSG00000180543	11	1	1
ENSG00000119686	10	3	0
ENSG00000169026	13	0	0
ENSG00000100926	12	0	1
ENSG00000259522	12	0	1
ENSG00000254692	12	0	1
ENSG00000175040	11	0	2
ENSG00000157445	10	2	1
ENSG00000113492	12	1	0
ENSG00000161533	13	0	0
ENSG00000185294	12	1	0
ENSG00000100938	12	1	0
ENSG00000159346	13	0	0
ENSG00000073060	13	0	0
ENSG00000167110	4	9	0
ENSG00000111701	13	0	0
ENSG00000179044	13	0	0
ENSG00000171791	13	0	0
ENSG00000163904	13	0	0
ENSG00000135945	13	0	0
ENSG00000115840	13	0	0
ENSG00000004864	13	0	0
ENSG00000108946	13	0	0
ENSG00000134575	12	1	0
ENSG00000188991	13	0	0
ENSG00000163406	11	2	0
ENSG00000188582	10	0	3
ENSG00000115539	12	0	1
ENSG00000136940	13	0	0
ENSG00000114988	12	1	0
ENSG00000100379	11	0	2
ENSG00000160224	12	0	1
ENSG00000122779	12	1	0
ENSG00000055332	12	0	1
ENSG00000165943	5	1	7
ENSG00000182013	12	0	1
ENSG00000204851	7	2	4
ENSG00000065054	12	0	1
ENSG00000133657	12	1	0
ENSG00000176393	12	0	1
ENSG00000122180	13	0	0
ENSG00000168454	13	0	0
ENSG00000107957	11	1	1
ENSG00000166689	13	0	0
ENSG00000112273	11	0	2
ENSG00000159692	10	2	1
ENSG00000024526	11	1	1
ENSG00000110321	12	1	0
ENSG00000115548	13	0	0
ENSG00000138018	12	1	0
ENSG00000100628	13	0	0
ENSG00000100599	11	2	0
ENSG00000164403	13	0	0
ENSG00000102804	12	1	0
ENSG00000090376	12	0	1
ENSG00000134070	13	0	0
ENSG00000198001	13	0	0
ENSG00000177054	12	1	0
ENSG00000186908	12	1	0
ENSG00000124092	12	0	1
ENSG00000118520	12	1	0
ENSG00000157593	11	0	2
ENSG00000184786	12	1	0
ENSG00000182944	10	3	0
ENSG00000144535	13	0	0
ENSG00000100065	13	0	0
ENSG00000112964	13	0	0
ENSG00000113494	12	1	0
ENSG00000125991	12	1	0
ENSG00000115884	12	0	1
ENSG00000162512	12	1	0
ENSG00000169439	13	0	0
ENSG00000107954	13	0	0
ENSG00000117139	13	0	0
ENSG00000100154	13	0	0
ENSG00000138079	12	1	0
ENSG00000088451	12	0	1
ENSG00000163389	12	1	0
ENSG00000100280	13	0	0
ENSG00000242441	6	0	7
ENSG00000068781	13	0	0
ENSG00000145284	11	0	2
ENSG00000010017	13	0	0
ENSG00000095951	13	0	0
ENSG00000127124	12	0	1
ENSG00000115841	12	1	0
ENSG00000133424	11	1	1
ENSG00000091490	12	1	0
ENSG00000073792	13	0	0
ENSG00000163114	10	0	3
ENSG00000100916	12	1	0
ENSG00000172399	13	0	0
ENSG00000177992	8	4	1
ENSG00000130024	12	1	0
ENSG00000109819	13	0	0
ENSG00000029363	13	0	0
ENSG00000012822	12	1	0
ENSG00000144218	10	3	0
ENSG00000147697	11	2	0
ENSG00000175727	12	1	0
ENSG00000009950	12	1	0
ENSG00000146410	10	2	1
ENSG00000142168	11	2	0
ENSG00000109610	11	0	2
ENSG00000111110	12	1	0
ENSG00000137878	4	1	8
ENSG00000263155	6	2	5
ENSG00000255529	6	1	6
ENSG00000237190	13	0	0
ENSG00000139687	13	0	0
ENSG00000109832	12	1	0
ENSG00000162702	12	0	1
ENSG00000143570	11	2	0
ENSG00000073711	13	0	0
ENSG00000188026	13	0	0
ENSG00000150977	12	0	1
ENSG00000130045	12	0	1
ENSG00000135842	13	0	0
ENSG00000136830	13	0	0
ENSG00000069020	9	4	0
ENSG00000064933	13	0	0
ENSG00000183579	12	1	0
ENSG00000186566	12	1	0
ENSG00000078401	13	0	0
ENSG00000127129	12	0	1
ENSG00000188994	13	0	0
ENSG00000013583	12	1	0
ENSG00000161682	12	0	1
ENSG00000232237	5	0	8
ENSG00000187855	9	0	4
ENSG00000053108	12	1	0
ENSG00000166833	11	2	0
ENSG00000134369	12	1	0
ENSG00000135063	13	0	0
ENSG00000104059	12	1	0
ENSG00000114054	13	0	0
ENSG00000138434	12	0	1
ENSG00000039560	13	0	0
ENSG00000174137	7	0	6
ENSG00000164494	12	0	1
ENSG00000198833	13	0	0
ENSG00000054967	13	0	0
ENSG00000168152	11	0	2
ENSG00000100600	12	1	0
ENSG00000167083	12	0	1
ENSG00000214511	8	1	4
ENSG00000106682	13	0	0
ENSG00000146282	13	0	0
ENSG00000111962	11	1	1
ENSG00000014641	11	2	0
ENSG00000242110	11	0	2
ENSG00000175600	12	1	0
ENSG00000185950	11	2	0
ENSG00000138078	13	0	0
ENSG00000049239	12	0	1
ENSG00000101146	13	0	0
ENSG00000049656	11	2	0
ENSG00000104331	12	1	0
ENSG00000122778	13	0	0
ENSG00000111880	11	2	0
ENSG00000154237	11	2	0
ENSG00000188372	10	3	0
ENSG00000139719	13	0	0
ENSG00000256861	13	0	0
ENSG00000186868	13	0	0
ENSG00000168952	13	0	0
ENSG00000136811	13	0	0
ENSG00000244005	11	1	1
ENSG00000272897	0	0	13
ENSG00000137492	12	1	0
ENSG00000084090	12	0	1
ENSG00000136451	12	1	0
ENSG00000196663	11	2	0
ENSG00000110756	12	1	0
ENSG00000137760	13	0	0
ENSG00000132842	12	1	0
ENSG00000198944	11	0	2
ENSG00000198142	10	1	2
ENSG00000198944	11	0	2
ENSG00000198142	10	1	2
ENSG00000129317	13	0	0
ENSG00000124098	13	0	0
ENSG00000138050	13	0	0
ENSG00000136153	13	0	0
ENSG00000196814	11	1	1
ENSG00000156471	13	0	0
ENSG00000183723	12	0	1
ENSG00000081692	13	0	0
ENSG00000168438	13	0	0
ENSG00000111276	13	0	0
ENSG00000141433	12	0	1
ENSG00000157741	13	0	0
ENSG00000135506	12	0	1
ENSG00000165832	13	0	0
ENSG00000167112	11	2	0
ENSG00000129173	13	0	0
ENSG00000144843	13	0	0
ENSG00000150526	6	4	3
ENSG00000150527	8	5	0
ENSG00000236761	8	5	0
ENSG00000258941	8	5	0
ENSG00000055208	13	0	0
ENSG00000121486	13	0	0
ENSG00000123094	12	0	1
ENSG00000182827	13	0	0
ENSG00000100580	13	0	0
ENSG00000108264	12	1	0
ENSG00000185432	7	5	1
ENSG00000139218	13	0	0
ENSG00000166272	10	2	1
ENSG00000139914	12	0	1
ENSG00000259371	0	0	13
ENSG00000084444	13	0	0
ENSG00000183137	13	0	0
ENSG00000151379	13	0	0
ENSG00000123179	12	1	0
ENSG00000072952	13	0	0
ENSG00000099899	13	0	0
ENSG00000115165	13	0	0
ENSG00000161835	13	0	0
ENSG00000120341	12	0	1
ENSG00000184209	12	1	0
ENSG00000172403	13	0	0
ENSG00000108641	8	1	4
ENSG00000181195	13	0	0
ENSG00000143502	12	1	0
ENSG00000172673	13	0	0
ENSG00000136147	9	4	0
ENSG00000198885	11	0	2
ENSG00000120832	13	0	0
ENSG00000133800	13	0	0
ENSG00000169946	13	0	0
ENSG00000205838	13	0	0
ENSG00000013810	9	3	1
ENSG00000147526	13	0	0
ENSG00000153157	12	0	1
ENSG00000120708	13	0	0
ENSG00000006704	12	1	0
ENSG00000077809	12	1	0
ENSG00000151239	13	0	0
ENSG00000132530	11	1	1
ENSG00000136155	13	0	0
ENSG00000152954	13	0	0
ENSG00000185875	13	0	0
ENSG00000146278	12	0	1
ENSG00000159708	13	0	0
ENSG00000255330	12	0	1
ENSG00000214338	12	0	1
ENSG00000113391	11	2	0
ENSG00000161692	11	0	2
ENSG00000147869	12	0	1
ENSG00000135535	13	0	0
ENSG00000108312	13	0	0
ENSG00000156304	13	0	0
ENSG00000171533	13	0	0
ENSG00000135951	12	0	1
ENSG00000184811	11	0	2
ENSG00000215788	12	1	0
ENSG00000074319	12	1	0
ENSG00000155111	13	0	0
ENSG00000168754	11	1	1
ENSG00000165837	7	0	6
ENSG00000259529	13	0	0
ENSG00000092098	13	0	0
ENSG00000166987	13	0	0
ENSG00000204406	13	0	0
ENSG00000162594	13	0	0
ENSG00000155890	13	0	0
ENSG00000203618	7	0	6
ENSG00000171033	12	1	0
ENSG00000108849	12	0	1
ENSG00000148773	11	2	0
ENSG00000164096	10	1	2
ENSG00000132297	8	1	4
ENSG00000170279	2	1	10
ENSG00000253251	3	0	10
ENSG00000112137	1	0	12
ENSG00000260286	8	0	5
ENSG00000170786	13	0	0
ENSG00000077152	12	1	0
ENSG00000273079	13	0	0
ENSG00000100625	11	0	2
ENSG00000126778	11	2	0
ENSG00000184302	13	0	0
ENSG00000113327	12	0	1
ENSG00000089486	12	1	0
ENSG00000165495	12	1	0
ENSG00000184254	12	1	0
ENSG00000128918	13	0	0
ENSG00000099904	13	0	0
ENSG00000166484	11	1	1
ENSG00000069956	13	0	0
ENSG00000197111	9	4	0
ENSG00000255346	9	2	2
ENSG00000168785	13	0	0
ENSG00000197070	12	0	1
ENSG00000165059	2	2	9
ENSG00000013523	13	0	0
ENSG00000066629	13	0	0
ENSG00000105656	11	2	0
ENSG00000152939	13	0	0
ENSG00000096384	12	1	0
ENSG00000131127	3	6	4
ENSG00000157703	13	0	0
ENSG00000060237	13	0	0
ENSG00000112182	13	0	0
ENSG00000154227	13	0	0
ENSG00000205250	12	1	0
ENSG00000198890	9	2	2
ENSG00000065457	13	0	0
ENSG00000138119	12	1	0
ENSG00000167114	12	1	0
ENSG00000167123	13	0	0
ENSG00000150893	12	1	0
ENSG00000164946	12	1	0
ENSG00000164509	13	0	0
ENSG00000081985	13	0	0
ENSG00000139174	13	0	0
ENSG00000106723	11	2	0
ENSG00000049245	12	1	0
ENSG00000133115	13	0	0
ENSG00000148175	13	0	0
ENSG00000182208	9	1	3
ENSG00000156374	11	1	1
ENSG00000185619	13	0	0
ENSG00000119541	13	0	0
ENSG00000186625	13	0	0
ENSG00000112782	13	0	0
ENSG00000141485	12	1	0
ENSG00000158092	12	1	0
ENSG00000176399	13	0	0
ENSG00000130762	13	0	0
ENSG00000114790	13	0	0
ENSG00000143889	13	0	0
ENSG00000184156	12	1	0
ENSG00000091039	12	0	1
ENSG00000165392	13	0	0
ENSG00000163485	13	0	0
ENSG00000154001	12	1	0
ENSG00000146232	13	0	0
ENSG00000165209	12	1	0
ENSG00000105278	11	1	1
ENSG00000056097	12	1	0
ENSG00000186009	12	0	1
ENSG00000069849	10	3	0
ENSG00000170255	5	8	0
ENSG00000183695	5	8	0
ENSG00000179817	5	8	0
ENSG00000179826	5	8	0
ENSG00000111783	13	0	0
ENSG00000196460	11	1	1
ENSG00000137275	13	0	0
ENSG00000129465	13	0	0
ENSG00000173166	12	1	0
ENSG00000076685	12	1	0
ENSG00000166796	13	0	0
ENSG00000171989	8	1	4
ENSG00000166800	4	4	5
ENSG00000134333	6	7	0
ENSG00000151116	13	0	0
ENSG00000127946	13	0	0
ENSG00000159176	13	0	0
ENSG00000175183	13	0	0
ENSG00000129170	13	0	0
ENSG00000178573	8	0	5
ENSG00000129535	12	0	1
ENSG00000139364	12	1	0
ENSG00000114771	8	5	0
ENSG00000197953	11	2	0
ENSG00000018189	13	0	0
ENSG00000108309	13	0	0
ENSG00000111674	11	1	1
ENSG00000100968	13	0	0
ENSG00000164414	11	1	1
ENSG00000177669	12	1	0
ENSG00000111684	13	0	0
ENSG00000162482	5	4	4
ENSG00000053371	5	5	3
ENSG00000102445	13	0	0
ENSG00000123427	13	0	0
ENSG00000170275	12	1	0
ENSG00000005882	13	0	0
ENSG00000049618	13	0	0
ENSG00000116017	11	1	1
ENSG00000087510	13	0	0
ENSG00000184774	12	0	1
ENSG00000079841	12	0	1
ENSG00000087586	12	1	0
ENSG00000185250	13	0	0
ENSG00000072134	12	0	1
ENSG00000113575	10	1	2
ENSG00000104695	11	1	1
ENSG00000151136	12	1	0
ENSG00000114120	12	1	0
ENSG00000100596	13	0	0
ENSG00000106526	1	4	8
ENSG00000152700	13	0	0
ENSG00000132142	13	0	0
ENSG00000025039	13	0	0
ENSG00000063761	13	0	0
ENSG00000123213	11	2	0
ENSG00000163050	13	0	0
ENSG00000162461	12	0	1
ENSG00000167085	9	4	0
ENSG00000241973	12	1	0
ENSG00000112159	9	4	0
ENSG00000163029	12	1	0
ENSG00000100764	12	1	0
ENSG00000136758	11	2	0
ENSG00000065427	13	0	0
ENSG00000089737	12	1	0
ENSG00000111361	13	0	0
ENSG00000129084	12	1	0
ENSG00000256206	12	1	0
ENSG00000095002	11	1	1
ENSG00000264545	11	2	0
ENSG00000115561	10	1	2
ENSG00000249884	10	1	2
ENSG00000159593	13	0	0
ENSG00000100084	12	1	0
ENSG00000096401	13	0	0
ENSG00000112367	12	1	0
ENSG00000166477	13	0	0
ENSG00000111364	12	1	0
ENSG00000150990	11	1	1
ENSG00000103194	12	1	0
ENSG00000145388	13	0	0
ENSG00000166986	12	1	0
ENSG00000184903	9	1	3
ENSG00000049541	12	1	0
ENSG00000196497	13	0	0
ENSG00000215021	12	0	1
ENSG00000100949	13	0	0
ENSG00000228594	8	0	5
ENSG00000269295	1	0	12
ENSG00000107890	6	7	0
ENSG00000196876	12	0	1
ENSG00000135740	13	0	0
ENSG00000181804	11	1	1
ENSG00000163032	11	0	2
ENSG00000050438	13	0	0
ENSG00000080493	13	0	0
ENSG00000168758	12	1	0
ENSG00000187764	13	0	0
ENSG00000182326	10	2	1
ENSG00000159403	9	2	2
ENSG00000139178	11	0	2
ENSG00000113504	12	0	1
ENSG00000135409	13	0	0
ENSG00000121989	12	1	0
ENSG00000004939	13	0	0
ENSG00000169777	13	0	0
ENSG00000141337	13	0	0
ENSG00000107130	12	0	1
ENSG00000082126	12	0	1
ENSG00000100888	13	0	0
ENSG00000106804	12	1	0
ENSG00000196155	13	0	0
ENSG00000115616	13	0	0
ENSG00000180251	12	0	1
ENSG00000106066	13	0	0
ENSG00000179397	12	0	1
ENSG00000066279	13	0	0
ENSG00000234409	10	0	3
ENSG00000224531	4	0	9
ENSG00000021574	13	0	0
ENSG00000240857	10	1	2
ENSG00000013441	12	1	0
ENSG00000155324	13	0	0
ENSG00000142599	12	1	0
ENSG00000111676	12	1	0
ENSG00000255470	1	0	12
ENSG00000132334	12	0	1
ENSG00000113615	13	0	0
ENSG00000150961	11	1	1
ENSG00000107438	12	1	0
ENSG00000131435	13	0	0
ENSG00000151229	9	2	2
ENSG00000084674	12	1	0
ENSG00000138395	12	0	1
ENSG00000113658	11	1	1
ENSG00000136848	13	0	0
ENSG00000145715	13	0	0
ENSG00000119714	12	1	0
ENSG00000187017	11	1	1
ENSG00000127481	12	1	0
ENSG00000170454	12	0	1
ENSG00000186081	11	0	2
ENSG00000186442	11	2	0
ENSG00000185069	10	2	1
ENSG00000170477	12	0	1
ENSG00000185640	11	0	2
ENSG00000205420	7	6	0
ENSG00000185479	7	6	0
ENSG00000170465	7	6	0
ENSG00000114030	13	0	0
ENSG00000102753	10	3	0
ENSG00000173567	13	0	0
ENSG00000118965	12	0	1
ENSG00000214325	5	2	6
ENSG00000235162	5	0	8
ENSG00000143858	11	0	2
ENSG00000149043	11	0	2
ENSG00000184702	10	0	3
ENSG00000067113	13	0	0
ENSG00000148180	11	1	1
ENSG00000135407	13	0	0
ENSG00000119699	13	0	0
ENSG00000176105	12	0	1
ENSG00000000938	13	0	0
ENSG00000127948	13	0	0
ENSG00000107862	13	0	0
ENSG00000059915	13	0	0
ENSG00000132463	13	0	0
ENSG00000008513	13	0	0
ENSG00000178950	13	0	0
ENSG00000183808	11	1	1
ENSG00000244462	9	3	1
ENSG00000198586	13	0	0
ENSG00000139269	13	0	0
ENSG00000175189	12	1	0
ENSG00000261594	10	0	3
ENSG00000146276	13	0	0
ENSG00000111886	13	0	0
ENSG00000091664	13	0	0
ENSG00000183473	10	1	2
ENSG00000145740	12	1	0
ENSG00000188394	5	0	8
ENSG00000010539	10	1	2
ENSG00000173821	12	1	0
ENSG00000100583	12	1	0
ENSG00000156687	13	0	0
ENSG00000182168	13	0	0
ENSG00000113763	13	0	0
ENSG00000168461	13	0	0
ENSG00000133816	12	1	0
ENSG00000135596	13	0	0
ENSG00000185115	8	1	4
ENSG00000174944	11	0	2
ENSG00000138271	12	0	1
ENSG00000181631	12	0	1
ENSG00000169313	13	0	0
ENSG00000174946	12	0	1
ENSG00000186522	12	0	1
ENSG00000139610	13	0	0
ENSG00000119139	13	0	0
ENSG00000105289	12	0	1
ENSG00000104067	12	1	0
ENSG00000136238	11	2	0
ENSG00000128340	11	0	2
ENSG00000144028	11	1	1
ENSG00000152894	12	0	1
ENSG00000146021	13	0	0
ENSG00000159714	13	0	0
ENSG00000138442	12	0	1
ENSG00000178295	13	0	0
ENSG00000114023	12	1	0
ENSG00000141564	11	2	0
ENSG00000137875	10	2	1
ENSG00000185056	10	0	3
ENSG00000133794	13	0	0
ENSG00000186575	13	0	0
ENSG00000173157	10	0	3
ENSG00000006837	13	0	0
ENSG00000119121	12	1	0
ENSG00000171246	13	0	0
ENSG00000134294	12	1	0
ENSG00000112335	13	0	0
ENSG00000176387	13	0	0
ENSG00000106086	13	0	0
ENSG00000111837	13	0	0
ENSG00000080823	13	0	0
ENSG00000066735	10	1	2
ENSG00000170262	11	0	2
ENSG00000138107	13	0	0
ENSG00000135525	12	0	1
ENSG00000100055	13	0	0
ENSG00000186998	11	1	1
ENSG00000132205	13	0	0
ENSG00000154269	10	3	0
ENSG00000197594	13	0	0
ENSG00000143847	11	1	1
ENSG00000001561	12	1	0
ENSG00000112796	13	0	0
ENSG00000164171	13	0	0
ENSG00000213949	13	0	0
ENSG00000129559	10	2	1
ENSG00000110237	11	1	1
ENSG00000166446	13	0	0
ENSG00000153046	8	5	0
ENSG00000172824	10	0	3
ENSG00000172828	8	4	1
ENSG00000172831	7	5	1
ENSG00000185274	11	2	0
ENSG00000110328	13	0	0
ENSG00000086598	10	1	2
ENSG00000118596	13	0	0
ENSG00000068078	12	0	1
ENSG00000077782	13	0	0
ENSG00000144426	13	0	0
ENSG00000161850	13	0	0
ENSG00000077522	13	0	0
ENSG00000165959	13	0	0
ENSG00000138068	13	0	0
ENSG00000135480	10	1	2
ENSG00000153786	12	0	1
ENSG00000175893	13	0	0
ENSG00000133808	10	0	3
ENSG00000101349	13	0	0
ENSG00000080618	13	0	0
ENSG00000152953	13	0	0
ENSG00000137845	12	1	0
ENSG00000085449	13	0	0
ENSG00000149311	12	1	0
ENSG00000140015	12	0	1
ENSG00000155897	12	1	0
ENSG00000115607	12	1	0
ENSG00000073670	12	1	0
ENSG00000069018	13	0	0
ENSG00000185920	11	1	1
ENSG00000117425	10	1	2
ENSG00000138115	1	12	0
ENSG00000138109	1	12	0
ENSG00000163395	11	1	1
ENSG00000182077	9	3	1
ENSG00000144935	13	0	0
ENSG00000236287	10	2	1
ENSG00000075891	13	0	0
ENSG00000081237	13	0	0
ENSG00000135723	13	0	0
ENSG00000131778	13	0	0
ENSG00000163703	12	0	1
ENSG00000042832	12	1	0
ENSG00000015133	12	1	0
ENSG00000164398	13	0	0
ENSG00000181790	9	2	2
ENSG00000144283	12	1	0
ENSG00000099889	12	1	0
ENSG00000170075	13	0	0
ENSG00000136160	13	0	0
ENSG00000170775	13	0	0
ENSG00000198668	11	2	0
ENSG00000186111	10	1	2
ENSG00000107242	13	0	0
ENSG00000133019	12	0	1
ENSG00000172985	12	1	0
ENSG00000125285	6	1	6
ENSG00000116991	12	1	0
ENSG00000112902	13	0	0
ENSG00000123104	11	1	1
ENSG00000150995	12	1	0
ENSG00000136895	12	1	0
ENSG00000006638	10	0	3
ENSG00000166908	11	1	1
ENSG00000151704	12	1	0
ENSG00000157551	13	0	0
ENSG00000081277	12	1	0
ENSG00000083896	12	0	1
ENSG00000244476	4	6	3
ENSG00000236027	8	0	5
ENSG00000113088	12	1	0
ENSG00000145649	12	1	0
ENSG00000102539	9	3	1
ENSG00000184374	12	1	0
ENSG00000136450	13	0	0
ENSG00000173679	6	6	1
ENSG00000171481	7	3	3
ENSG00000171459	2	11	0
ENSG00000136939	2	11	0
ENSG00000171714	13	0	0
ENSG00000164683	13	0	0
ENSG00000115145	13	0	0
ENSG00000143878	10	1	2
ENSG00000101542	13	0	0
ENSG00000069812	11	0	2
ENSG00000100092	12	1	0
ENSG00000182901	13	0	0
ENSG00000081138	13	0	0
ENSG00000071991	13	0	0
ENSG00000158050	12	0	1
ENSG00000100083	11	0	2
ENSG00000154548	13	0	0
ENSG00000115875	13	0	0
ENSG00000135953	12	0	1
ENSG00000117984	12	0	1
ENSG00000179331	13	0	0
ENSG00000072071	13	0	0
ENSG00000157827	12	1	0
ENSG00000100592	13	0	0
ENSG00000099204	12	1	0
ENSG00000236279	11	0	2
ENSG00000139974	13	0	0
ENSG00000111371	13	0	0
ENSG00000056291	13	0	0
ENSG00000137252	13	0	0
ENSG00000198829	12	1	0
ENSG00000169860	13	0	0
ENSG00000253117	11	2	0
ENSG00000258417	11	2	0
ENSG00000119396	13	0	0
ENSG00000166558	12	0	1
ENSG00000136044	13	0	0
ENSG00000137507	13	0	0
ENSG00000100815	13	0	0
ENSG00000178878	11	0	2
ENSG00000183765	12	0	1
ENSG00000173988	13	0	0
ENSG00000146858	12	0	1
ENSG00000221887	6	0	7
ENSG00000170128	7	1	5
ENSG00000182631	12	1	0
ENSG00000185873	12	1	0
ENSG00000198092	13	0	0
ENSG00000187054	13	0	0
ENSG00000153802	13	0	0
ENSG00000110851	13	0	0
ENSG00000135446	11	2	0
ENSG00000025434	13	0	0
ENSG00000144852	13	0	0
ENSG00000187726	12	0	1
ENSG00000135686	12	0	1
ENSG00000171819	13	0	0
ENSG00000006377	12	0	1
ENSG00000108813	11	0	2
ENSG00000064195	13	0	0
ENSG00000105880	12	0	1
ENSG00000031081	13	0	0
ENSG00000134909	12	1	0
ENSG00000017797	10	3	0
ENSG00000240771	12	1	0
ENSG00000151914	13	0	0
ENSG00000099949	12	0	1
ENSG00000112333	12	1	0
ENSG00000109061	11	0	2
ENSG00000125414	10	1	2
ENSG00000133020	10	0	3
ENSG00000264424	10	0	3
ENSG00000006788	12	0	1
ENSG00000109063	13	0	0
ENSG00000048540	13	0	0
ENSG00000126785	13	0	0
ENSG00000142583	11	1	1
ENSG00000092054	11	0	2
ENSG00000187498	13	0	0
ENSG00000198793	13	0	0
ENSG00000136856	12	1	0
ENSG00000039123	13	0	0
ENSG00000175054	13	0	0
ENSG00000129295	13	0	0
ENSG00000153561	13	0	0
ENSG00000114013	13	0	0
ENSG00000121594	13	0	0
ENSG00000099901	11	2	0
ENSG00000093144	12	1	0
ENSG00000090316	13	0	0
ENSG00000157379	13	0	0
ENSG00000100897	12	0	1
ENSG00000138668	12	1	0
ENSG00000152795	10	3	0
ENSG00000168280	13	0	0
ENSG00000155980	13	0	0
ENSG00000184344	12	1	0
ENSG00000143869	11	0	2
ENSG00000156466	12	0	1
ENSG00000125965	13	0	0
ENSG00000125845	12	1	0
ENSG00000175879	11	0	2
ENSG00000122592	12	1	0
ENSG00000136828	13	0	0
ENSG00000131951	12	0	1
ENSG00000119397	13	0	0
ENSG00000119333	13	0	0
ENSG00000077380	13	0	0
ENSG00000158560	13	0	0
ENSG00000085741	12	1	0
ENSG00000100784	13	0	0
ENSG00000133067	12	1	0
ENSG00000138039	13	0	0
ENSG00000103313	9	2	2
ENSG00000128250	3	10	0
ENSG00000196405	13	0	0
ENSG00000006606	7	2	4
ENSG00000218819	9	1	3
ENSG00000003393	12	1	0
ENSG00000174600	11	0	2
ENSG00000213903	13	0	0
ENSG00000272658	9	0	4
ENSG00000213906	9	0	4
ENSG00000171408	13	0	0
ENSG00000113231	13	0	0
ENSG00000123612	13	0	0
ENSG00000135503	13	0	0
ENSG00000138696	13	0	0
ENSG00000119715	13	0	0
ENSG00000140009	13	0	0
ENSG00000206052	13	0	0
ENSG00000239590	7	3	3
ENSG00000197233	7	3	3
ENSG00000136834	9	1	3
ENSG00000197991	11	0	2
ENSG00000196159	11	1	1
ENSG00000121898	13	0	0
ENSG00000106031	11	2	0
ENSG00000128714	11	1	1
ENSG00000118193	13	0	0
ENSG00000019102	11	1	1
ENSG00000149564	13	0	0
ENSG00000087245	13	0	0
ENSG00000183023	9	4	0
ENSG00000167767	12	1	0
ENSG00000170423	13	0	0
ENSG00000175582	3	5	5
ENSG00000140090	13	0	0
ENSG00000077157	13	0	0
ENSG00000106069	13	0	0
ENSG00000128656	13	0	0
ENSG00000107863	12	1	0
ENSG00000128683	13	0	0
ENSG00000166266	13	0	0
ENSG00000163162	13	0	0
ENSG00000088926	12	0	1
ENSG00000164344	12	0	1
ENSG00000187045	12	0	1
ENSG00000157335	12	1	0
ENSG00000101144	13	0	0
ENSG00000112175	12	1	0
ENSG00000109436	13	0	0
ENSG00000204634	13	0	0
ENSG00000005884	13	0	0
ENSG00000185610	12	0	1
ENSG00000134871	12	0	1
ENSG00000120457	13	0	0
ENSG00000157542	13	0	0
ENSG00000004809	12	0	1
ENSG00000119048	13	0	0
ENSG00000139263	13	0	0
ENSG00000103196	13	0	0
ENSG00000153944	12	0	1
ENSG00000145476	13	0	0
ENSG00000112290	12	1	0
ENSG00000215182	6	5	2
ENSG00000146221	12	0	1
ENSG00000100565	13	0	0
ENSG00000170027	13	0	0
ENSG00000173114	12	0	1
ENSG00000054803	13	0	0
ENSG00000139899	13	0	0
ENSG00000082196	13	0	0
ENSG00000273294	13	0	0
ENSG00000183150	13	0	0
ENSG00000163394	13	0	0
ENSG00000123329	11	2	0
ENSG00000088808	13	0	0
ENSG00000269955	13	0	0
ENSG00000146963	13	0	0
ENSG00000172867	9	1	3
ENSG00000139648	10	0	3
ENSG00000186049	10	0	3
ENSG00000170486	12	0	1
ENSG00000170484	10	0	3
ENSG00000189182	10	0	3
ENSG00000167768	12	0	1
ENSG00000010626	12	1	0
ENSG00000139734	11	2	0
ENSG00000106178	12	1	0
ENSG00000185028	12	0	1
ENSG00000197860	13	0	0
ENSG00000139266	13	0	0
ENSG00000132623	13	0	0
ENSG00000120278	12	1	0
ENSG00000114124	11	0	2
ENSG00000185974	12	1	0
ENSG00000196418	5	2	6
ENSG00000215375	8	0	5
ENSG00000137776	12	1	0
ENSG00000138193	13	0	0
ENSG00000054938	13	0	0
ENSG00000249242	12	1	0
ENSG00000126001	12	1	0
ENSG00000198914	6	0	7
ENSG00000055130	13	0	0
ENSG00000070540	12	1	0
ENSG00000196498	11	2	0
ENSG00000157450	13	0	0
ENSG00000115170	13	0	0
ENSG00000139567	13	0	0
ENSG00000128283	13	0	0
ENSG00000081760	11	0	2
ENSG00000153914	12	0	1
ENSG00000154845	12	1	0
ENSG00000107897	11	2	0
ENSG00000213782	13	0	0
ENSG00000163171	11	2	0
ENSG00000189332	9	3	1
ENSG00000151553	13	0	0
ENSG00000064961	8	2	3
ENSG00000139865	10	0	3
ENSG00000139546	13	0	0
ENSG00000154328	12	1	0
ENSG00000164040	13	0	0
ENSG00000150636	9	0	4
ENSG00000150722	13	0	0
ENSG00000183762	13	0	0
ENSG00000064300	13	0	0
ENSG00000177679	10	0	3
ENSG00000117983	9	1	3
ENSG00000168917	11	0	2
ENSG00000121644	13	0	0
ENSG00000163701	13	0	0
ENSG00000180537	13	0	0
ENSG00000149554	13	0	0
ENSG00000176273	13	0	0
ENSG00000112320	13	0	0
ENSG00000160072	9	3	1
ENSG00000197785	9	3	1
ENSG00000139168	11	2	0
ENSG00000158417	11	2	0
ENSG00000165934	12	1	0
ENSG00000165916	13	0	0
ENSG00000075856	13	0	0
ENSG00000164252	12	1	0
ENSG00000188883	10	1	2
ENSG00000159140	12	1	0
ENSG00000157856	13	0	0
ENSG00000137497	13	0	0
ENSG00000100941	13	0	0
ENSG00000138663	12	0	1
ENSG00000123200	13	0	0
ENSG00000169490	13	0	0
ENSG00000198892	11	0	2
ENSG00000120685	12	1	0
ENSG00000078124	12	1	0
ENSG00000166439	12	1	0
ENSG00000152749	13	0	0
ENSG00000153237	12	1	0
ENSG00000144021	13	0	0
ENSG00000168778	12	0	1
ENSG00000160401	12	1	0
ENSG00000135960	13	0	0
ENSG00000100604	13	0	0
ENSG00000177108	13	0	0
ENSG00000187871	13	0	0
ENSG00000163702	13	0	0
ENSG00000176641	12	0	1
ENSG00000254656	9	1	3
ENSG00000130592	7	3	3
ENSG00000197273	12	1	0
ENSG00000163704	13	0	0
ENSG00000149948	11	0	2
ENSG00000184436	13	0	0
ENSG00000044012	12	0	1
ENSG00000134940	11	0	2
ENSG00000234602	12	0	1
ENSG00000205832	10	0	3
ENSG00000171484	8	0	5
ENSG00000196456	10	0	3
ENSG00000205352	8	1	4
ENSG00000159335	6	0	7
ENSG00000205867	2	0	11
ENSG00000237524	2	0	11
ENSG00000148835	13	0	0
ENSG00000196151	12	0	1
ENSG00000178695	12	0	1
ENSG00000183783	10	2	1
ENSG00000106443	13	0	0
ENSG00000016082	13	0	0
ENSG00000106852	13	0	0
ENSG00000162630	12	1	0
ENSG00000136859	13	0	0
ENSG00000100884	13	0	0
ENSG00000142149	13	0	0
ENSG00000164404	13	0	0
ENSG00000180340	11	0	2
ENSG00000134755	13	0	0
ENSG00000134762	13	0	0
ENSG00000134765	11	1	1
ENSG00000198963	13	0	0
ENSG00000147548	13	0	0
ENSG00000109685	13	0	0
ENSG00000165671	13	0	0
ENSG00000152217	12	1	0
ENSG00000169575	5	5	3
ENSG00000124570	7	5	1
ENSG00000166401	13	0	0
ENSG00000170542	10	2	1
ENSG00000197641	12	0	1
ENSG00000166634	12	0	1
ENSG00000136161	13	0	0
ENSG00000136144	13	0	0
ENSG00000129158	11	1	1
ENSG00000156299	13	0	0
ENSG00000125347	13	0	0
ENSG00000213928	12	0	1
ENSG00000168542	13	0	0
ENSG00000108821	11	0	2
ENSG00000172819	13	0	0
ENSG00000137491	13	0	0
ENSG00000196730	13	0	0
ENSG00000167657	11	1	1
ENSG00000143862	10	0	3
ENSG00000148204	10	2	1
ENSG00000101384	13	0	0
ENSG00000159674	8	4	1
ENSG00000106462	12	1	0
ENSG00000177535	13	0	0
ENSG00000206075	13	0	0
ENSG00000099246	13	0	0
ENSG00000171561	9	4	0
ENSG00000168143	13	0	0
ENSG00000125998	13	0	0
ENSG00000079785	12	1	0
ENSG00000152670	12	1	0
ENSG00000121578	12	1	0
ENSG00000221944	6	1	6
ENSG00000152910	12	1	0
ENSG00000155052	11	2	0
ENSG00000174469	10	2	1
ENSG00000174473	12	1	0
ENSG00000136542	13	0	0
ENSG00000101138	13	0	0
ENSG00000179057	9	0	4
ENSG00000134571	13	0	0
ENSG00000105939	13	0	0
ENSG00000180332	12	1	0
ENSG00000170242	12	1	0
ENSG00000161133	13	0	0
ENSG00000130158	11	1	1
ENSG00000154928	13	0	0
ENSG00000123636	13	0	0
ENSG00000116679	12	1	0
ENSG00000117153	13	0	0
ENSG00000157570	13	0	0
ENSG00000067248	13	0	0
ENSG00000110090	12	1	0
ENSG00000106571	12	1	0
ENSG00000111087	13	0	0
ENSG00000074590	13	0	0
ENSG00000170099	12	1	0
ENSG00000188488	13	0	0
ENSG00000196136	8	5	0
ENSG00000170054	9	1	3
ENSG00000186910	12	1	0
ENSG00000100665	10	0	3
ENSG00000139908	13	0	0
ENSG00000072832	11	2	0
ENSG00000128487	12	0	1
ENSG00000185591	13	0	0
ENSG00000131781	13	0	0
ENSG00000157680	13	0	0
ENSG00000163362	11	2	0
ENSG00000163710	13	0	0
ENSG00000151702	12	1	0
ENSG00000157554	12	1	0
ENSG00000092295	12	1	0
ENSG00000162711	13	0	0
ENSG00000196981	11	0	2
ENSG00000154217	12	0	1
ENSG00000142319	12	0	1
ENSG00000166888	12	1	0
ENSG00000138594	10	2	1
ENSG00000128872	13	0	0
ENSG00000196504	13	0	0
ENSG00000136141	12	1	0
ENSG00000133812	11	1	1
ENSG00000092607	13	0	0
ENSG00000164761	11	1	1
ENSG00000111664	13	0	0
ENSG00000187630	10	3	0
ENSG00000172380	13	0	0
ENSG00000165204	10	1	2
ENSG00000106211	10	3	0
ENSG00000135047	8	5	0
ENSG00000242550	12	1	0
ENSG00000197632	11	2	0
ENSG00000100450	5	6	2
ENSG00000100453	9	4	0
ENSG00000100448	9	4	0
ENSG00000164687	12	1	0
ENSG00000176383	12	0	1
ENSG00000237172	8	0	5
ENSG00000198488	13	0	0
ENSG00000197977	13	0	0
ENSG00000184113	9	0	4
ENSG00000119537	13	0	0
ENSG00000106976	12	1	0
ENSG00000188886	11	0	2
ENSG00000146285	13	0	0
ENSG00000092009	9	2	2
ENSG00000135457	12	1	0
ENSG00000153560	12	1	0
ENSG00000169756	11	2	0
ENSG00000010803	13	0	0
ENSG00000115526	13	0	0
ENSG00000135355	13	0	0
ENSG00000153317	12	0	1
ENSG00000135439	13	0	0
ENSG00000134215	12	1	0
ENSG00000137285	9	2	2
ENSG00000137267	10	0	3
ENSG00000100612	12	1	0
ENSG00000130779	13	0	0
ENSG00000106665	12	0	1
ENSG00000134058	13	0	0
ENSG00000156345	11	2	0
ENSG00000018236	13	0	0
ENSG00000174953	13	0	0
ENSG00000163214	13	0	0
ENSG00000156414	13	0	0
ENSG00000168010	13	0	0
ENSG00000214078	10	1	2
ENSG00000164294	12	1	0
ENSG00000141655	13	0	0
ENSG00000153234	13	0	0
ENSG00000123358	13	0	0
ENSG00000100614	12	1	0
ENSG00000149243	13	0	0
ENSG00000086506	9	1	3
ENSG00000188536	4	6	3
ENSG00000095637	12	1	0
ENSG00000090975	13	0	0
ENSG00000091622	13	0	0
ENSG00000169271	13	0	0
ENSG00000170745	12	1	0
ENSG00000119522	11	2	0
ENSG00000043143	13	0	0
ENSG00000163431	10	0	3
ENSG00000140092	12	1	0
ENSG00000188522	12	0	1
ENSG00000069966	13	0	0
ENSG00000150712	12	0	1
ENSG00000140945	13	0	0
ENSG00000116117	11	2	0
ENSG00000115896	13	0	0
ENSG00000118197	13	0	0
ENSG00000134996	13	0	0
ENSG00000083544	11	2	0
ENSG00000009830	13	0	0
ENSG00000196872	11	1	1
ENSG00000137261	13	0	0
ENSG00000079112	13	0	0
ENSG00000166589	13	0	0
ENSG00000155085	11	2	0
ENSG00000178222	7	0	6
ENSG00000119969	12	1	0
ENSG00000112294	13	0	0
ENSG00000159128	11	1	1
ENSG00000178395	12	0	1
ENSG00000126709	9	0	4
ENSG00000157483	13	0	0
ENSG00000205978	11	1	1
ENSG00000100441	13	0	0
ENSG00000178199	12	1	0
ENSG00000133818	11	1	1
ENSG00000185155	12	1	0
ENSG00000162595	8	0	5
ENSG00000100276	11	0	2
ENSG00000119685	13	0	0
ENSG00000175764	12	1	0
ENSG00000186635	13	0	0
ENSG00000064393	12	1	0
ENSG00000128710	13	0	0
ENSG00000253293	11	2	0
ENSG00000128709	12	1	0
ENSG00000078399	11	2	0
ENSG00000257184	11	2	0
ENSG00000198837	13	0	0
ENSG00000168615	13	0	0
ENSG00000111679	13	0	0
ENSG00000166035	12	1	0
ENSG00000148798	12	1	0
ENSG00000108239	11	2	0
ENSG00000136111	12	1	0
ENSG00000169071	12	1	0
ENSG00000102468	12	0	1
ENSG00000169967	12	1	0
ENSG00000177125	12	0	1
ENSG00000171448	11	1	1
ENSG00000186130	11	0	2
ENSG00000169155	13	0	0
ENSG00000115718	13	0	0
ENSG00000166482	10	1	2
ENSG00000095464	12	1	0
ENSG00000133256	10	2	1
ENSG00000186642	12	1	0
ENSG00000138175	12	0	1
ENSG00000113595	13	0	0
ENSG00000132031	12	0	1
ENSG00000182903	1	10	2
ENSG00000041515	11	1	1
ENSG00000071909	11	2	0
ENSG00000166592	13	0	0
ENSG00000164949	13	0	0
ENSG00000145833	12	1	0
ENSG00000021645	9	3	1
ENSG00000007264	12	0	1
ENSG00000007168	12	0	1
ENSG00000005961	12	0	1
ENSG00000170166	10	0	3
ENSG00000198815	13	0	0
ENSG00000145384	13	0	0
ENSG00000134569	13	0	0
ENSG00000123384	12	1	0
ENSG00000157456	11	2	0
ENSG00000134057	11	2	0
ENSG00000115020	12	1	0
ENSG00000132130	13	0	0
ENSG00000110693	12	1	0
ENSG00000133937	12	0	1
ENSG00000118432	13	0	0
ENSG00000124089	10	0	3
ENSG00000164363	10	2	1
ENSG00000174358	12	1	0
ENSG00000215009	11	2	0
ENSG00000173124	2	1	10
ENSG00000106038	12	1	0
ENSG00000174279	11	0	2
ENSG00000135502	10	0	3
ENSG00000163126	12	0	1
ENSG00000135299	13	0	0
ENSG00000163435	13	0	0
ENSG00000168830	8	5	0
ENSG00000153201	12	1	0
ENSG00000124749	11	0	2
ENSG00000129467	13	0	0
ENSG00000168748	13	0	0
ENSG00000134954	13	0	0
ENSG00000205189	13	0	0
ENSG00000125257	11	2	0
ENSG00000162631	13	0	0
ENSG00000170374	12	0	1
ENSG00000204335	10	0	3
ENSG00000148795	12	1	0
ENSG00000138061	11	2	0
ENSG00000165462	13	0	0
ENSG00000174175	13	0	0
ENSG00000007908	11	1	1
ENSG00000188404	13	0	0
ENSG00000138829	13	0	0
ENSG00000184613	13	0	0
ENSG00000067606	12	0	1
ENSG00000089225	13	0	0
ENSG00000165915	13	0	0
ENSG00000148215	12	0	1
ENSG00000131013	13	0	0
ENSG00000118946	13	0	0
ENSG00000040608	10	0	3
ENSG00000186452	11	0	2
ENSG00000166866	12	1	0
ENSG00000183475	13	0	0
ENSG00000185888	12	1	0
ENSG00000171540	13	0	0
ENSG00000173976	9	0	4
ENSG00000163623	13	0	0
ENSG00000146700	12	1	0
ENSG00000151388	13	0	0
ENSG00000136169	13	0	0
ENSG00000099139	13	0	0
ENSG00000144771	12	1	0
ENSG00000138670	13	0	0
ENSG00000273217	13	0	0
ENSG00000158987	13	0	0
ENSG00000054654	8	5	0
ENSG00000197694	13	0	0
ENSG00000150051	12	1	0
ENSG00000170561	10	0	3
ENSG00000197535	12	0	1
ENSG00000128833	13	0	0
ENSG00000186417	13	0	0
ENSG00000127074	11	0	2
ENSG00000090104	13	0	0
ENSG00000174672	10	1	2
ENSG00000184271	12	1	0
ENSG00000196569	12	1	0
ENSG00000138435	12	1	0
ENSG00000116741	12	1	0
ENSG00000137225	13	0	0
ENSG00000175567	13	0	0
ENSG00000175564	11	0	2
ENSG00000143641	12	1	0
ENSG00000205726	11	2	0
ENSG00000166391	11	2	0
ENSG00000186104	13	0	0
ENSG00000177675	5	8	0
ENSG00000177575	12	1	0
ENSG00000124091	13	0	0
ENSG00000111846	10	3	0
ENSG00000205318	3	3	7
ENSG00000120254	13	0	0
ENSG00000139679	12	0	1
ENSG00000152207	12	0	1
ENSG00000215428	5	0	8
ENSG00000081248	12	0	1
ENSG00000137869	12	1	0
ENSG00000133466	12	1	0
ENSG00000179195	11	0	2
ENSG00000143867	11	1	1
ENSG00000181467	12	0	1
ENSG00000165458	13	0	0
ENSG00000120539	13	0	0
ENSG00000115183	13	0	0
ENSG00000170178	10	1	2
ENSG00000005073	11	1	1
ENSG00000128713	8	0	5
ENSG00000152669	13	0	0
ENSG00000152213	12	0	1
ENSG00000111012	12	1	0
ENSG00000186684	10	0	3
ENSG00000153015	13	0	0
ENSG00000113593	12	1	0
ENSG00000240344	11	1	1
ENSG00000135638	11	0	2
ENSG00000104415	13	0	0
ENSG00000171505	11	2	0
ENSG00000120149	12	1	0
ENSG00000235608	6	2	5
ENSG00000140093	8	5	0
ENSG00000165953	13	0	0
ENSG00000197249	10	3	0
ENSG00000139629	12	0	1
ENSG00000144407	12	0	1
ENSG00000104447	12	1	0
ENSG00000135773	11	0	2
ENSG00000203697	10	1	2
ENSG00000256812	3	2	8
ENSG00000116833	13	0	0
ENSG00000181450	8	3	2
ENSG00000139625	13	0	0
ENSG00000172680	12	0	1
ENSG00000135341	12	1	0
ENSG00000117245	13	0	0
ENSG00000109606	13	0	0
ENSG00000197375	11	1	1
ENSG00000197208	12	0	1
ENSG00000197140	12	1	0
ENSG00000114861	12	1	0
ENSG00000099937	13	0	0
ENSG00000132386	13	0	0
ENSG00000167711	13	0	0
ENSG00000248483	4	7	2
ENSG00000128652	13	0	0
ENSG00000179603	9	1	3
ENSG00000150991	1	9	3
ENSG00000153558	11	0	2
ENSG00000186185	13	0	0
ENSG00000148357	13	0	0
ENSG00000143341	11	0	2
ENSG00000049192	12	0	1
ENSG00000143776	11	1	1
ENSG00000164342	13	0	0
ENSG00000134061	13	0	0
ENSG00000171560	10	3	0
ENSG00000115825	13	0	0
ENSG00000161326	12	1	0
ENSG00000152270	12	1	0
ENSG00000138735	13	0	0
ENSG00000162458	11	2	0
ENSG00000145012	12	0	1
ENSG00000196152	9	0	4
ENSG00000139116	12	0	1
ENSG00000116852	13	0	0
ENSG00000213694	13	0	0
ENSG00000148356	11	1	1
ENSG00000122787	10	3	0
ENSG00000197653	12	0	1
ENSG00000163898	11	0	2
ENSG00000144837	13	0	0
ENSG00000162714	12	1	0
ENSG00000083290	12	1	0
ENSG00000164287	11	1	1
ENSG00000139194	11	0	2
ENSG00000184545	12	0	1
ENSG00000111266	13	0	0
ENSG00000164411	6	0	7
ENSG00000107872	12	1	0
ENSG00000196277	12	0	1
ENSG00000013503	12	0	1
ENSG00000237102	6	0	7
ENSG00000125122	3	3	7
ENSG00000175591	10	3	0
ENSG00000171631	11	0	2
ENSG00000174032	12	1	0
ENSG00000110786	13	0	0
ENSG00000143851	13	0	0
ENSG00000178732	11	0	2
ENSG00000172061	13	0	0
ENSG00000178772	12	0	1
ENSG00000140297	13	0	0
ENSG00000180745	12	1	0
ENSG00000136574	13	0	0
ENSG00000036828	13	0	0
ENSG00000151067	12	0	1
ENSG00000166897	11	0	2
ENSG00000001626	12	1	0
ENSG00000127329	11	1	1
ENSG00000102531	13	0	0
ENSG00000146360	11	0	2
ENSG00000222040	12	0	1
ENSG00000011454	13	0	0
ENSG00000167658	12	0	1
ENSG00000136944	13	0	0
ENSG00000062282	12	0	1
ENSG00000027075	13	0	0
ENSG00000064309	13	0	0
ENSG00000174227	11	1	1
ENSG00000112365	13	0	0
ENSG00000152580	12	1	0
ENSG00000112851	12	1	0
ENSG00000131051	10	2	1
ENSG00000115935	13	0	0
ENSG00000149257	12	1	0
ENSG00000171206	13	0	0
ENSG00000110514	12	1	0
ENSG00000097021	12	1	0
ENSG00000135744	13	0	0
ENSG00000213337	13	0	0
ENSG00000122574	12	0	1
ENSG00000214022	10	0	3
