ENSG00000082898	13	0	0
ENSG00000188092	12	0	1
ENSG00000117262	12	0	1
ENSG00000116288	11	2	0
ENSG00000109911	12	1	0
ENSG00000158321	12	1	0
ENSG00000183662	11	0	2
ENSG00000051523	11	0	2
ENSG00000117154	13	0	0
ENSG00000175073	12	1	0
ENSG00000215912	11	1	1
ENSG00000214226	12	0	1
ENSG00000214026	11	0	2
ENSG00000119042	12	1	0
ENSG00000213614	13	0	0
ENSG00000049860	11	2	0
ENSG00000077585	12	1	0
ENSG00000145979	13	0	0
ENSG00000162599	12	1	0
ENSG00000158528	10	1	2
ENSG00000164190	13	0	0
ENSG00000185345	8	4	1
ENSG00000134324	12	1	0
ENSG00000205309	12	1	0
ENSG00000081189	13	0	0
ENSG00000146085	12	1	0
ENSG00000123066	13	0	0
ENSG00000188580	9	3	1
ENSG00000078328	13	0	0
ENSG00000156110	12	1	0
ENSG00000169752	12	0	1
ENSG00000155034	13	0	0
ENSG00000068383	12	0	1
ENSG00000127804	10	3	0
ENSG00000124813	13	0	0
ENSG00000104044	13	0	0
ENSG00000128185	8	4	1
ENSG00000119888	12	1	0
ENSG00000140743	11	1	1
ENSG00000147316	12	1	0
ENSG00000151718	13	0	0
ENSG00000092978	12	1	0
ENSG00000152042	3	8	2
ENSG00000196132	11	0	2
ENSG00000171843	12	1	0
ENSG00000188641	10	3	0
ENSG00000196628	13	0	0
ENSG00000251322	10	3	0
ENSG00000169371	13	0	0
ENSG00000106025	13	0	0
ENSG00000215193	10	1	2
ENSG00000161533	13	0	0
ENSG00000169918	13	0	0
ENSG00000174827	8	4	1
ENSG00000162687	13	0	0
ENSG00000185420	12	1	0
ENSG00000133424	11	1	1
ENSG00000009950	12	1	0
ENSG00000167693	11	2	0
ENSG00000064933	13	0	0
ENSG00000175600	12	1	0
ENSG00000107104	11	2	0
ENSG00000104331	12	1	0
ENSG00000112530	10	1	2
ENSG00000182095	12	1	0
ENSG00000153820	13	0	0
ENSG00000142611	13	0	0
ENSG00000108557	11	0	2
ENSG00000204406	13	0	0
ENSG00000113327	12	0	1
ENSG00000197070	12	0	1
ENSG00000060237	13	0	0
ENSG00000183230	12	0	1
ENSG00000112531	11	2	0
ENSG00000184005	9	2	2
ENSG00000130762	13	0	0
ENSG00000170425	13	0	0
ENSG00000149571	13	0	0
ENSG00000049618	13	0	0
ENSG00000079841	12	0	1
ENSG00000196712	13	0	0
ENSG00000095002	11	1	1
ENSG00000144285	12	0	1
ENSG00000121989	12	1	0
ENSG00000100888	13	0	0
ENSG00000171316	13	0	0
ENSG00000070366	12	1	0
ENSG00000066279	13	0	0
ENSG00000155324	13	0	0
ENSG00000182979	11	1	1
ENSG00000153707	12	0	1
ENSG00000175161	13	0	0
ENSG00000088538	13	0	0
ENSG00000168016	12	1	0
ENSG00000169554	13	0	0
ENSG00000186575	13	0	0
ENSG00000162849	12	1	0
ENSG00000110841	12	0	1
ENSG00000153046	8	5	0
ENSG00000198589	9	4	0
ENSG00000128739	13	0	0
ENSG00000007372	12	0	1
ENSG00000185920	11	1	1
ENSG00000117425	10	1	2
ENSG00000075891	13	0	0
ENSG00000081237	13	0	0
ENSG00000134121	11	1	1
ENSG00000133019	12	0	1
ENSG00000181449	13	0	0
ENSG00000198626	12	1	0
ENSG00000113100	13	0	0
ENSG00000154162	13	0	0
ENSG00000182901	13	0	0
ENSG00000072071	13	0	0
ENSG00000060718	13	0	0
ENSG00000100592	13	0	0
ENSG00000166167	13	0	0
ENSG00000131848	4	8	1
ENSG00000169855	10	3	0
ENSG00000029534	13	0	0
ENSG00000092054	11	0	2
ENSG00000168280	13	0	0
ENSG00000125845	12	1	0
ENSG00000107779	13	0	0
ENSG00000196159	11	1	1
ENSG00000151623	10	3	0
ENSG00000108953	12	1	0
ENSG00000005339	13	0	0
ENSG00000139865	10	0	3
ENSG00000116731	10	3	0
ENSG00000186314	12	0	1
ENSG00000070814	12	1	0
ENSG00000100425	11	0	2
ENSG00000107249	11	1	1
ENSG00000165671	13	0	0
ENSG00000054598	6	3	4
ENSG00000183770	8	3	2
ENSG00000117020	13	0	0
ENSG00000168542	13	0	0
ENSG00000164692	11	1	1
ENSG00000080910	2	2	9
ENSG00000174469	10	2	1
ENSG00000174473	12	1	0
ENSG00000178685	9	0	4
ENSG00000184979	13	0	0
ENSG00000161133	13	0	0
ENSG00000130158	11	1	1
ENSG00000107099	13	0	0
ENSG00000110090	12	1	0
ENSG00000166664	6	2	5
ENSG00000106571	12	1	0
ENSG00000152208	12	0	1
ENSG00000154217	12	0	1
ENSG00000187951	7	0	6
ENSG00000183117	13	0	0
ENSG00000086506	9	1	3
ENSG00000188536	4	6	3
ENSG00000185651	12	1	0
ENSG00000140945	13	0	0
ENSG00000116117	11	2	0
ENSG00000115896	13	0	0
ENSG00000168904	12	1	0
ENSG00000175445	12	0	1
ENSG00000169071	12	1	0
ENSG00000140443	12	1	0
ENSG00000116106	13	0	0
ENSG00000021645	9	3	1
ENSG00000179915	8	3	2
ENSG00000007168	12	0	1
ENSG00000168702	10	2	1
ENSG00000138829	13	0	0
ENSG00000166147	13	0	0
ENSG00000067606	12	0	1
ENSG00000089225	13	0	0
ENSG00000150275	12	1	0
ENSG00000138670	13	0	0
ENSG00000170561	10	0	3
ENSG00000196569	12	1	0
ENSG00000114062	13	0	0
ENSG00000187240	9	0	4
ENSG00000120149	12	1	0
ENSG00000141837	13	0	0
ENSG00000104447	12	1	0
ENSG00000128731	12	1	0
ENSG00000114861	12	1	0
ENSG00000102452	12	1	0
ENSG00000179603	9	1	3
ENSG00000164342	13	0	0
ENSG00000171560	10	3	0
ENSG00000145012	12	0	1
ENSG00000143507	13	0	0
ENSG00000196277	12	0	1
ENSG00000130675	12	0	1
ENSG00000151067	12	0	1
ENSG00000001626	12	1	0
ENSG00000181090	12	0	1
ENSG00000170549	10	1	2
